16 12 25 108 382
10 12 22 277 558
18 13 27 121 596
16 10 17 247 981
17 8 18 199 625
17 12 27 102 782
13 6 21 170 718
12 12 26 207 794
18 9 29 282 895
19 13 27 246 924
10 10 25 224 745
11 9 27 100 779
16 12 26 200 851
12 12 21 186 462
10 7 21 197 704
18 7 21 151 529
16 5 16 140 956
18 13 28 137 880
11 8 17 121 715
18 11 21 259 901
17 11 16 269 829
10 14 22 127 493
12 6 29 235 711
15 11 21 209 690
14 12 18 262 591
16 14 26 256 1008
10 6 15 153 786
18 11 17 110 951
17 8 22 159 1056
16 10 24 259 703
18 14 29 164 865
15 11 28 223 945
15 9 22 171 595
16 10 18 101 537
18 8 23 278 906
15 11 26 273 644
13 12 28 208 555
16 13 25 243 639
14 10 28 210 796
16 9 18 121 1054
11 13 22 242 677
17 14 17 290 811
10 10 16 148 482
10 10 21 210 940
11 10 24 233 742
19 7 26 275 957
14 11 16 261 893
10 12 29 263 975
16 11 23 199 762
13 11 27 296 719
14 10 20 232 510
11 8 24 215 995
18 11 26 283 487
15 12 29 299 599
15 11 22 139 764
18 11 17 232 649
14 13 18 265 884
17 14 29 194 844
18 7 24 110 792
17 11 23 281 687
16 11 26 114 963
12 7 29 119 600
14 14 28 176 622
16 7 22 199 860
18 11 27 120 904
13 8 29 135 1105
18 10 18 252 964
17 11 24 109 869
13 12 24 170 487
16 14 16 170 846
14 14 18 140 539
13 6 26 103 1020
11 8 15 230 798
19 9 25 146 550
10 14 28 206 784
17 9 17 254 721
13 7 21 218 699
12 11 20 211 832
19 12 16 252 660
16 10 23 261 765
12 9 28 212 617
11 5 29 256 1094
10 9 18 221 659
12 7 19 144 837
19 8 18 275 454
12 13 24 136 780
14 7 18 125 860
18 6 18 153 430
17 14 16 288 890
19 12 23 116 651
18 10 26 257 853
15 11 21 236 742
13 7 18 296 881
17 11 19 289 939
15 13 29 143 863
15 8 23 210 718
11 8 23 120 864
18 6 18 235 563
18 6 25 245 427
16 14 15 183 999
19 10 16 261 638
18 14 18 196 785
18 9 21 138 578
11 13 19 168 978
12 8 29 126 673
16 14 23 109 636
11 8 21 246 675
12 14 22 135 585
16 7 23 169 1009
12 5 17 135 925
13 7 18 120 974
16 7 27 146 747
18 13 17 183 964
10 8 26 284 1061
12 6 29 111 607
10 11 20 213 978
12 7 24 244 910
12 7 27 238 756
19 5 17 283 937
11 9 29 282 941
14 8 18 131 961
19 8 25 169 902
14 9 25 228 753
10 13 29 288 920
17 5 23 245 771
15 10 19 254 1078
17 9 16 294 490
16 5 26 202 994
13 5 18 296 1016
13 12 21 250 1018
17 11 27 162 801
19 5 23 195 817
11 10 23 265 524
16 12 15 290 795
10 10 16 122 602
15 9 15 251 960
19 7 29 119 498
13 11 17 268 803
19 10 23 285 633
19 5 28 169 742
19 9 20 132 1093
11 9 26 119 758
14 6 22 102 767
11 14 24 114 629
12 8 29 211 729
13 6 29 271 508
13 14 22 293 687
10 13 26 267 987
12 14 16 197 981
12 7 24 245 615
10 12 18 164 560
15 9 22 170 419
19 13 20 260 732
17 11 17 287 1085
17 7 18 216 925
19 10 17 126 838
10 7 28 271 683
18 7 29 183 775
16 11 24 280 1002
16 7 15 164 879
18 10 19 219 945
16 8 27 187 566
12 13 16 230 457
17 12 27 115 1155
19 6 20 212 815
19 10 27 100 1073
18 12 29 205 640
13 8 24 234 542
11 7 19 225 540
15 9 24 240 908
12 6 16 294 888
18 13 16 225 567
19 8 29 247 894
16 9 15 241 364
19 7 16 280 991
10 11 19 246 761
12 8 16 210 793
19 11 29 220 719
12 11 27 137 694
11 10 24 102 718
17 8 27 207 619
14 8 20 146 648
10 6 23 206 488
14 9 25 154 760
12 6 22 131 1114
18 11 24 299 931
18 7 22 163 1060
17 11 21 189 769
10 12 15 299 868
14 12 15 182 993
11 6 16 131 926
17 11 26 123 824
18 14 22 236 581
16 7 24 162 606
16 9 26 242 536
17 9 16 179 903
18 13 24 271 785
15 8 23 295 938
15 14 20 268 552
13 14 18 269 643
19 11 26 171 666
13 12 17 296 559
18 6 21 254 1089
10 9 17 147 750
15 8 18 181 608
13 10 22 123 490
19 7 26 121 853
18 13 18 175 622
18 6 29 266 412
15 8 26 191 450
10 5 29 152 921
15 8 23 156 1017
16 10 16 161 868
10 6 27 213 950
17 13 28 284 866
15 14 24 166 589
18 5 27 197 625
18 7 22 268 1134
16 11 17 202 611
15 9 22 261 952
13 10 18 268 655
14 5 22 183 561
11 10 25 151 901
18 10 20 251 718
14 12 22 274 746
16 13 24 200 943
11 12 22 154 756
18 12 17 131 551
15 6 20 133 633
18 14 15 147 960
12 8 15 128 828
16 12 24 272 1071
10 10 26 246 715
13 13 28 179 910
19 7 25 225 812
16 5 25 261 576
18 6 18 173 891
18 8 17 156 922
15 14 21 247 503
15 8 29 262 968
10 12 29 292 659
15 12 15 161 917
16 11 29 252 811
11 5 23 182 939
11 11 23 180 966
16 7 22 229 561
18 10 29 280 839
18 11 25 263 926
19 5 25 213 1094
10 8 22 196 847
13 9 16 259 648
13 14 16 108 737
11 10 25 219 1104
18 10 22 295 801
12 8 19 258 1024
11 13 16 191 919
10 10 18 210 922
16 13 28 298 747
15 6 22 188 996
13 14 17 169 500
14 13 24 274 759
12 6 22 185 831
15 7 29 129 799
11 6 27 187 757
14 11 28 202 564
12 14 19 233 866
13 10 29 115 859
12 10 26 212 1007
17 11 19 110 984
17 7 29 145 1096
17 5 25 272 596
18 13 17 109 689
15 6 20 182 621
12 5 15 123 465
16 11 28 139 1089
14 10 22 245 697
14 9 28 165 937
13 9 28 247 1098
15 11 21 150 769
10 12 20 277 792
14 6 15 208 622
15 8 15 205 681
14 8 24 199 574
12 5 16 231 1047
10 9 26 181 519
14 11 20 288 884
15 10 25 205 1140
11 6 16 181 756
17 8 29 198 708
16 11 24 255 986
12 9 29 259 544
18 13 16 142 853
10 14 27 281 928
13 6 23 107 891
16 5 22 195 640
15 9 15 128 709
11 6 29 126 609
11 13 19 250 690
13 14 17 122 1038
17 5 20 101 569
11 5 27 213 817
19 9 17 216 599
13 7 26 101 1158
13 6 21 247 619
17 12 19 163 548
18 11 29 222 948
19 7 17 235 905
15 9 29 148 949
12 11 29 101 761
16 7 26 227 716
13 6 22 226 862
19 13 20 287 1159
10 11 16 138 880
14 13 25 234 594
12 11 29 177 826
10 10 15 276 617
12 7 15 227 965
10 10 26 123 881
19 8 21 213 959
16 14 16 171 1050
17 13 18 105 1131
16 12 16 174 748
16 5 16 153 593
15 7 29 190 802
19 5 22 168 817
17 11 28 108 1007
17 14 29 104 407
13 12 29 261 1083
16 5 29 157 667
19 10 28 209 709
12 8 15 168 948
18 6 27 133 935
12 6 16 182 1081
12 11 17 165 688
14 13 25 152 898
11 14 15 214 434
17 14 25 262 672
18 5 15 120 782
12 5 22 100 847
10 5 24 290 696
18 10 19 121 668
19 9 23 104 785
13 8 22 140 765
19 8 20 126 863
14 11 21 230 898
15 9 22 291 983
11 10 17 174 670
17 13 15 178 706
13 7 24 226 461
15 10 23 163 655
12 9 20 287 683
11 5 27 194 585
16 13 22 272 770
16 9 20 192 736
18 6 29 217 451
18 13 29 291 845
12 9 15 175 748
16 14 20 273 888
13 14 19 225 852
16 5 24 255 585
17 10 29 263 683
18 12 26 292 692
11 5 26 236 921
13 10 28 293 954
15 8 23 209 787
13 11 16 246 504
10 5 26 129 878
13 9 26 125 972
10 5 17 231 637
16 11 17 241 713
18 11 20 218 1049
13 8 27 175 1008
13 10 17 160 1076
12 12 17 169 487
13 13 23 250 541
13 14 25 269 561
11 10 16 259 535
12 11 15 162 525
18 6 22 231 794
19 7 24 251 970
16 13 15 141 679
14 7 29 150 803
14 5 18 118 541
15 6 21 211 653
15 6 24 250 751
15 6 17 137 830
19 7 17 282 1008
11 11 17 201 1040
18 8 21 259 674
15 9 22 260 692
14 14 22 274 596
17 8 20 132 752
14 12 23 298 670
10 7 28 125 641
13 11 26 256 930
10 11 29 113 906
14 14 23 136 802
18 11 29 273 471
12 7 23 279 557
18 11 27 280 740
17 13 27 108 534
10 9 24 185 925
15 7 18 111 1094
17 5 23 103 686
17 8 20 193 826
11 10 18 140 1145
19 8 25 251 494
13 12 16 275 1044
18 9 18 156 763
17 9 21 224 790
18 10 26 265 946
16 7 28 203 1036
13 14 18 260 671
16 9 17 158 494
18 10 23 271 922
11 14 23 114 942
17 8 26 215 736
12 7 19 277 926
14 5 19 298 772
10 12 15 127 900
13 14 25 267 759
17 5 16 169 782
13 10 22 191 850
19 7 18 191 1128
12 7 29 249 624
11 5 15 150 889
14 7 28 237 886
16 8 29 258 716
11 13 22 196 836
11 12 29 167 575
15 7 26 221 750
14 8 20 295 774
13 12 24 221 384
17 14 28 253 718
19 12 15 147 590
16 13 28 201 888
15 7 24 208 673
15 12 29 251 871
18 7 21 190 677
17 8 23 167 702
13 7 22 108 1011
12 5 16 295 983
15 11 20 126 667
19 14 20 293 784
14 14 19 162 976
12 8 15 289 688
13 10 26 259 724
14 14 27 244 869
14 7 24 180 825
11 8 19 232 923
14 9 25 201 906
12 9 16 262 974
19 7 20 191 859
13 9 27 261 659
10 10 27 207 946
12 14 27 226 914
13 14 19 221 703
14 8 29 117 698
11 8 16 221 615
14 10 28 191 472
15 8 25 166 679
10 7 15 236 784
15 9 27 100 812
16 12 19 253 836
15 6 16 150 595
14 8 29 279 937
15 8 25 148 770
11 9 19 235 638
15 8 20 137 1046
11 11 28 103 791
17 10 16 207 753
17 13 25 113 661
19 5 27 209 1095
13 7 15 257 974
13 12 25 173 652
17 5 16 189 680
11 13 21 238 933
10 8 16 160 940
19 5 16 159 861
16 13 25 133 712
15 9 22 105 577
15 12 21 152 980
15 14 19 154 915
14 8 26 201 882
19 7 27 251 572
15 10 21 235 765
10 10 24 265 805
15 14 24 235 988
17 5 28 178 899
19 14 15 145 792
11 11 18 233 748
13 6 21 129 825
19 13 20 245 747
17 9 19 232 948
19 13 16 176 989
16 8 17 250 734
16 6 20 205 669
13 13 28 174 1036
12 14 28 229 850
14 9 20 103 904
16 10 16 230 489
13 10 22 289 577
13 5 23 264 813
13 10 15 259 565
11 11 21 253 556
10 6 27 297 661
15 5 16 197 852
13 12 19 220 611
15 11 27 140 768
12 11 15 234 981
12 7 28 128 852
19 14 16 118 890
16 9 23 187 1011
11 12 26 169 876
15 7 27 235 773
10 5 19 196 819
10 14 22 296 932
17 9 19 222 698
11 13 22 224 773
14 11 23 208 649
19 14 20 242 414
13 7 17 280 482
17 5 16 232 790
11 7 17 258 836
12 9 22 286 590
16 8 26 230 866
18 13 20 105 721
17 12 15 226 971
17 14 16 177 747
14 13 25 136 948
14 11 26 291 558
11 5 23 224 1089
19 5 28 145 873
16 6 25 233 842
19 10 28 190 867
17 8 29 142 582
17 12 24 186 714
17 13 15 115 705
13 8 22 205 452
19 11 22 251 497
14 6 26 189 684
17 8 17 210 514
17 7 21 264 600
16 10 15 174 905
12 7 22 144 1163
17 11 23 245 1053
19 5 23 133 634
10 14 23 285 516
16 6 24 173 901
17 12 27 238 645
12 6 16 294 975
14 13 22 298 653
15 7 17 167 620
17 9 20 255 685
18 8 29 171 687
15 6 17 291 664
15 10 28 254 545
15 10 29 186 555
10 11 17 103 1145
19 9 20 102 705
18 9 28 152 614
11 12 24 218 839
12 12 28 247 657
19 11 15 242 916
12 14 23 192 596
14 13 18 142 699
12 14 19 167 631
12 8 28 246 805
12 8 18 154 619
12 7 29 226 935
10 6 29 171 550
12 7 15 270 433
15 13 29 183 545
18 7 27 279 1024
12 10 24 266 496
16 13 27 120 480
17 7 25 205 671
12 5 22 225 660
15 9 22 226 1069
11 14 16 206 1100
15 7 16 281 997
18 13 18 131 839
19 6 29 151 1000
10 10 23 222 579
12 11 15 218 733
14 7 18 133 1016
16 9 16 269 737
11 10 18 205 604
19 6 19 278 490
18 10 19 215 943
11 13 19 278 960
16 5 25 216 888
17 11 26 247 974
10 6 27 182 603
16 5 19 127 642
15 5 23 257 932
11 10 16 122 523
12 13 25 113 831
16 11 17 266 721
13 14 26 208 915
19 7 26 154 949
16 10 19 108 432
14 5 25 282 557
10 8 23 235 525
14 13 26 236 971
13 7 25 216 917
13 5 24 288 567
17 13 25 242 606
15 9 25 214 1118
11 9 16 118 594
18 6 22 265 914
13 5 25 269 1123
15 9 20 195 698
15 12 26 193 1024
10 5 18 183 822
15 14 19 121 535
15 9 16 228 615
18 7 28 230 791
10 12 28 187 662
14 6 16 178 686
12 9 28 122 931
16 13 22 256 1063
18 10 16 109 619
16 12 23 134 971
18 12 28 220 572
17 9 24 137 803
15 6 25 190 857
19 7 17 137 741
13 10 16 104 708
12 6 24 182 621
15 9 29 223 703
19 7 18 133 478
16 13 19 184 460
19 9 21 272 780
16 11 29 229 801
15 11 16 189 922
19 9 18 146 602
17 6 24 154 1149
11 6 21 237 779
13 11 19 259 700
13 14 23 115 721
12 11 18 184 1026
16 8 16 109 572
19 6 20 256 1111
11 6 19 243 497
11 14 21 109 940
12 9 15 101 808
16 5 18 195 870
11 14 19 293 656
15 8 24 257 635
19 7 18 162 1135
11 12 26 158 759
18 5 18 164 967
11 14 28 126 500
16 5 15 261 1043
11 5 26 269 637
15 10 26 159 619
17 6 29 140 816
13 5 15 134 780
10 8 20 245 982
17 7 25 157 673
12 12 20 297 513
19 5 23 127 933
18 12 26 182 620
16 6 18 260 943
10 11 24 248 762
14 14 29 173 726
17 7 24 156 863
15 5 19 280 1030
10 14 27 216 714
17 11 28 258 710
13 9 24 298 900
18 5 17 298 1033
10 6 16 222 913
17 5 19 149 917
14 10 29 288 978
11 6 22 239 893
10 10 27 224 698
10 5 21 267 770
17 14 29 147 654
13 13 23 254 996
10 11 15 152 993
19 9 26 201 706
18 10 18 290 730
12 9 17 132 956
14 13 24 113 660
10 8 19 238 998
18 5 15 195 614
12 5 23 121 736
19 5 15 246 1036
13 8 20 183 488
17 7 27 254 862
15 8 19 189 906
14 7 29 111 501
12 8 23 292 752
13 6 21 139 789
16 9 28 296 630
17 10 29 144 851
11 5 19 141 977
10 11 25 182 716
10 7 18 286 890
11 14 25 133 938
13 13 28 165 586
11 7 22 132 748
10 6 20 154 719
18 5 27 292 1049
12 12 21 122 632
11 11 29 173 699
17 8 28 240 1011
13 13 29 100 791
19 14 24 242 737
18 5 18 191 740
17 9 19 193 716
15 10 20 137 804
11 10 20 140 639
17 14 24 275 941
14 13 24 172 917
14 8 21 123 598
13 10 19 186 697
18 13 21 227 646
10 8 27 203 877
15 10 23 127 775
14 12 24 240 570
15 5 15 205 635
11 12 23 263 596
15 6 20 164 620
14 8 16 281 523
11 9 24 245 509
15 7 22 176 1001
18 7 19 164 577
13 11 28 112 1063
14 5 22 181 929
12 11 21 238 743
10 13 16 205 948
19 5 23 176 939
11 9 19 164 993
15 10 23 140 969
16 14 22 149 569
11 7 23 154 631
18 5 23 182 493
11 8 21 259 717
11 9 23 100 683
19 13 15 267 437
15 9 20 243 692
16 14 15 145 1190
13 10 25 239 879
14 9 20 148 1055
19 14 23 288 845
10 14 28 229 566
15 7 27 120 1030
19 12 17 241 789
12 6 21 236 505
11 8 20 130 719
10 11 22 138 836
13 12 26 158 911
17 13 27 124 926
12 11 16 292 995
15 12 23 126 658
17 5 22 168 610
19 10 20 262 591
13 13 24 197 710
13 6 29 274 766
13 9 19 216 704
10 5 29 195 568
13 5 18 145 667
17 10 26 231 698
13 8 20 212 756
12 12 15 268 892
18 13 16 159 657
14 6 19 171 902
10 8 24 211 579
13 9 26 145 855
19 14 16 115 744
17 10 27 168 469
19 7 28 215 739
13 12 24 198 632
16 10 23 124 993
17 12 19 173 770
10 12 21 150 483
16 13 18 274 815
12 14 19 298 1074
13 10 21 123 706
13 8 16 167 389
12 6 18 115 797
13 5 18 226 398
13 5 16 267 635
17 11 17 168 637
19 5 22 115 607
17 9 24 261 766
10 14 28 112 1062
16 14 16 291 697
19 9 28 188 631
12 5 28 201 934
17 11 22 133 694
16 5 21 259 631
11 13 27 188 793
17 7 16 287 859
17 9 18 252 799
17 9 19 236 516
14 11 18 258 839
18 11 27 145 987
18 7 16 111 867
19 6 24 111 542
12 10 18 142 740
13 11 27 224 771
10 6 16 249 453
18 13 28 150 801
13 8 23 288 877
17 7 25 281 560
13 13 22 137 691
13 11 21 111 752
15 14 18 101 1140
15 7 23 296 891
19 9 28 129 770
19 9 16 255 552
16 11 28 269 780
17 8 21 189 963
12 12 16 195 622
14 11 27 128 570
16 8 17 295 1133
11 12 21 268 1134
16 6 16 207 708
17 12 27 244 747
18 14 21 239 605
15 6 17 271 1121
10 9 20 203 667
11 9 18 215 769
12 9 29 148 939
18 11 19 294 849
10 11 19 294 844
13 12 22 130 643
10 5 28 163 919
19 10 19 189 589
17 10 24 198 794
19 7 16 142 659
19 7 19 285 790
11 7 20 278 967
18 10 24 222 618
14 13 17 170 1012
16 7 27 162 875
15 12 16 137 454
18 11 24 123 547
16 6 19 162 509
16 11 19 103 748
15 11 16 135 979
13 6 26 293 784
15 9 16 220 530
18 5 22 165 747
19 12 18 125 703
12 6 28 227 562
17 11 15 160 527
13 7 21 175 808
19 5 27 290 844
11 8 15 247 931
16 13 18 148 923
18 8 22 286 676
16 6 15 257 951
16 5 28 211 797
19 5 23 209 1051
12 5 24 201 591
15 8 19 260 463
13 10 22 202 886
19 7 25 175 614
16 6 28 150 1099
10 10 26 292 686
16 7 21 237 895
11 8 24 142 517
17 6 29 281 913
15 7 21 268 371
17 9 27 200 686
11 14 20 125 903
18 10 23 285 870
13 7 19 289 630
18 12 17 117 647
12 12 16 208 873
11 5 24 175 972
14 12 26 280 870
12 10 17 244 900
11 14 29 208 766
11 8 22 201 957
12 14 25 127 766
18 5 15 178 1034
11 6 21 108 833
15 10 27 138 630
10 11 18 250 706
11 7 24 266 932
15 5 29 221 709
16 10 21 296 523
16 12 18 208 871
13 12 16 252 879
18 10 18 221 799
14 11 17 256 669
16 8 21 135 586
18 13 16 259 406
19 10 23 291 1000
17 10 23 179 606
10 12 20 165 917
13 6 21 245 1039
15 10 26 243 1160
15 5 19 216 811
11 5 21 264 985
15 5 25 246 955
19 6 26 267 1030
19 5 16 256 657
18 7 26 242 968
13 13 20 121 707
19 7 18 286 1005
17 7 21 280 950
18 9 24 148 928
10 9 25 204 704
15 9 21 199 625
13 6 15 214 630
19 8 28 149 503
17 5 21 171 609
14 10 18 194 610
15 12 20 211 653
18 6 15 200 443
13 8 21 226 758
15 13 22 201 845
10 11 27 139 738
16 13 22 160 1094
18 12 21 275 600
15 10 27 211 892
10 10 17 120 901
10 6 25 270 924
18 10 28 156 981
11 13 28 223 763
13 6 18 154 919
16 13 24 290 1048
11 9 28 159 607
11 13 23 115 708
13 5 18 175 637
13 8 22 181 945
10 13 19 211 822
19 7 17 157 453
12 14 18 138 1027
16 6 25 293 783
13 14 25 103 863
10 11 21 201 398
18 13 22 191 432
11 6 18 209 877
10 8 29 251 771
18 8 16 287 644
18 8 27 142 478
14 14 25 297 1069
16 5 20 219 807
15 5 21 229 530
16 10 26 158 873
14 9 20 254 680
11 12 21 170 1116
13 9 20 296 832
13 9 29 225 435
17 11 28 223 755
15 13 17 282 554
13 10 21 161 985
13 6 27 286 937
13 8 16 244 859
10 10 19 141 988
19 5 20 231 648
12 9 19 285 609
10 5 27 287 775
16 5 18 281 888
13 10 25 119 1158
19 7 28 243 554
13 10 23 230 796
13 11 26 283 980
10 14 15 109 900
16 14 20 231 952
14 13 18 172 1066
13 14 16 182 549
15 7 21 264 752
15 12 15 134 983
18 13 27 141 612
12 13 26 144 850
10 14 28 221 674
14 7 22 124 828
19 7 24 222 658
11 9 20 192 757
19 10 21 272 834
16 8 23 293 524
16 11 27 263 859
16 5 27 114 720
19 6 24 115 961
11 7 21 285 639
13 13 23 238 988
11 12 16 271 723
13 12 20 118 935
11 14 17 292 825
18 13 15 262 1139
16 9 20 133 936
14 6 19 260 811
11 6 26 245 656
16 7 20 117 486
16 11 18 243 795
17 8 20 226 469
10 8 22 112 1001
13 9 24 101 796
17 10 26 235 742
15 9 26 165 715
19 5 15 222 1046
16 8 24 268 957
10 9 29 154 718
12 7 19 249 1118
10 10 18 104 859
10 7 16 244 771
15 5 24 105 1039
17 9 19 136 800
18 7 26 254 713
15 14 16 117 773
16 8 25 142 925
14 7 28 293 778
19 7 21 150 999
15 8 27 246 538
14 12 21 189 1088
17 5 19 231 865
17 12 29 219 619
16 7 17 139 1044
13 6 25 149 1018
16 12 19 113 527
10 13 17 292 678
10 11 27 163 662
11 5 15 195 804
14 12 28 252 1039
10 12 28 299 585
17 11 29 101 1113
17 13 29 236 707
10 6 20 282 502
15 5 17 220 815
15 9 15 203 647
11 14 29 246 499
14 5 26 175 461
12 6 24 101 571
18 14 18 108 454
17 6 24 122 928
13 6 25 150 688
14 8 24 150 444
13 6 17 106 1054
16 5 17 223 920
17 10 20 294 966
12 7 28 130 732
14 9 20 218 888
12 7 28 162 529
10 8 28 238 833
11 12 27 162 570
15 9 24 241 618
19 13 28 251 935
19 12 22 102 726
14 5 27 227 894
14 13 20 249 1049
18 9 21 263 833
16 9 19 240 788
17 12 29 174 809
17 11 21 121 746
14 8 15 146 430
18 8 25 131 598
17 5 21 159 828
18 10 17 228 568
10 8 26 195 649
13 14 18 166 489
17 5 16 129 1077
16 14 19 254 777
10 11 19 190 718
16 10 19 114 976
10 14 26 159 868
13 12 29 295 790
13 12 23 262 817
18 11 17 277 462
19 10 17 268 1019
13 10 21 249 779
10 8 23 121 425
18 10 20 100 1066
10 10 21 289 490
18 13 23 251 508
11 7 19 293 788
18 12 17 111 586
17 7 24 226 798
11 9 26 140 640
13 9 25 136 745
15 12 19 219 503
13 13 29 206 669
10 9 29 124 704
11 5 27 231 859
11 8 19 159 1096
12 8 26 252 567
18 8 17 197 658
16 9 23 131 495
12 11 21 225 587
13 8 26 164 898
13 7 20 139 500
14 5 21 233 980
14 5 18 211 860
16 9 15 102 868
19 7 18 279 576
10 7 29 218 1145
12 7 29 103 1149
17 13 19 104 710
11 13 20 162 558
12 10 26 158 422
19 9 26 240 544
11 7 26 118 988
14 10 16 113 865
18 12 25 153 912
17 9 21 195 657
10 12 29 204 697
14 7 15 261 427
19 13 25 297 702
11 9 19 214 986
10 8 19 127 796
17 14 18 223 1010
10 5 24 137 726
19 5 27 287 739
14 6 29 108 1010
12 14 24 172 811
12 6 25 135 873
12 12 25 101 929
13 5 22 116 1048
12 14 23 223 835
12 11 17 168 826
12 9 25 199 589
14 14 16 128 741
17 6 29 165 861
10 8 25 287 1083
16 9 18 132 741
14 12 20 159 640
15 9 27 228 556
18 10 22 257 911
14 5 21 124 877
13 13 18 181 637
13 5 24 193 855
10 6 22 288 836
16 13 16 199 935
13 10 21 279 888
11 11 21 181 743
13 9 15 229 679
13 9 20 217 983
11 13 29 210 644
16 11 22 173 738
11 12 24 139 690
16 6 29 163 400
12 13 18 141 553
16 12 25 182 655
15 5 29 224 635
15 12 23 124 1096
12 7 28 267 780
12 8 18 110 856
19 8 27 252 839
17 8 18 244 575
14 11 25 282 626
15 8 17 223 1108
16 12 23 136 558
18 12 15 242 678
10 11 24 272 875
17 9 21 238 579
11 6 20 114 581
14 14 23 215 480
18 5 21 232 621
10 11 26 106 845
11 14 17 173 832
10 11 15 157 910
19 11 23 176 1085
16 6 21 128 519
14 10 27 218 1130
12 10 18 226 646
14 12 29 276 593
13 11 28 122 559
12 6 15 106 1107
16 7 29 279 571
14 5 23 223 396
11 13 19 126 1077
15 12 26 214 897
11 7 28 170 663
19 9 16 191 1018
12 10 25 268 943
10 10 20 225 765
14 14 26 195 556
16 12 27 158 559
10 10 15 150 915
15 9 16 119 1126
13 14 29 223 881
10 13 28 285 1031
16 11 21 166 731
10 14 21 178 598
19 12 17 210 747
17 9 20 256 1080
10 10 25 120 628
15 10 22 229 826
15 9 15 216 956
16 7 18 245 806
19 9 15 136 995
12 11 29 133 1078
12 6 21 193 866
15 11 26 119 857
15 13 26 275 838
17 5 26 195 889
15 10 21 224 987
11 13 15 213 835
16 5 26 157 1060
16 7 27 266 510
11 6 23 107 785
16 5 25 269 739
18 11 15 287 1002
17 9 20 209 791
15 11 20 194 865
18 13 29 168 1007
16 6 27 228 1069
18 7 24 129 872
16 8 23 213 425
15 8 28 129 744
16 11 23 275 714
12 9 25 171 451
12 11 18 231 802
13 13 18 194 547
18 14 27 213 671
17 13 27 226 692
10 7 25 126 881
19 11 23 183 585
18 5 28 150 676
18 13 22 280 424
14 14 17 155 650
12 7 20 187 868
15 10 18 119 767
14 7 15 292 495
14 12 15 297 700
19 14 20 221 394
10 10 23 293 640
15 12 28 153 873
18 10 22 247 787
10 5 29 256 1161
11 14 26 214 532
13 11 22 196 909
12 14 22 218 775
18 6 26 230 790
18 6 16 171 828
13 5 21 248 735
14 8 28 254 621
19 6 16 157 1025
12 14 21 171 849
14 5 15 249 501
17 12 21 260 944
12 8 22 202 802
19 7 28 130 758
19 10 26 286 471
13 10 21 255 706
19 13 20 234 987
13 10 20 231 976
19 12 17 166 588
14 6 21 235 737
12 13 22 217 1107
15 12 22 248 972
14 14 22 169 890
17 10 15 190 782
17 9 25 187 681
19 12 29 262 875
10 13 29 153 699
12 5 29 247 1100
16 5 18 197 891
11 5 21 209 852
10 11 28 220 1099
19 6 25 117 648
16 13 26 179 436
17 11 22 211 873
11 5 20 188 870
12 10 21 146 682
15 7 17 199 961
13 11 16 167 617
13 6 24 235 496
16 9 19 162 806
11 13 17 267 684
16 7 25 256 932
12 8 18 120 937
19 11 15 101 385
19 6 18 148 961
11 9 24 157 748
17 8 27 274 790
15 9 21 250 624
16 13 22 160 701
10 13 20 165 647
10 11 21 223 756
13 12 19 175 561
12 12 18 247 945
14 6 18 131 446
19 13 15 210 735
15 11 20 124 553
11 6 21 273 786
11 12 18 134 683
18 12 28 241 838
16 7 15 177 567
14 9 23 255 661
17 9 22 267 995
18 14 21 127 455
17 14 19 157 804
13 13 15 274 456
17 6 16 121 977
14 7 25 193 386
11 12 26 194 356
11 6 17 212 1120
19 6 27 213 1068
12 13 22 145 534
19 9 21 113 933
17 7 17 279 1058
19 13 24 280 849
17 14 25 264 521
12 12 22 144 1145
14 12 17 244 889
14 14 15 188 1031
16 13 17 211 562
13 11 18 155 680
11 8 16 184 625
15 12 25 233 1093
19 12 29 168 995
10 7 17 148 917
12 7 21 219 713
10 7 17 126 476
15 10 28 156 819
14 14 18 259 474
19 5 18 143 763
18 9 18 191 749
14 6 20 106 745
19 5 15 149 650
15 8 19 191 904
12 13 26 251 518
14 6 18 174 830
14 9 20 260 977
10 12 24 156 1030
16 13 15 238 781
15 6 28 295 1183
11 10 28 222 971
19 5 15 124 1084
10 7 29 182 755
15 13 29 277 699
16 13 17 247 778
10 12 26 140 576
13 14 18 122 995
18 12 15 107 590
16 6 22 199 773
17 11 24 174 1061
14 9 20 244 766
15 5 23 226 657
15 12 16 261 881
11 9 24 100 684
12 8 28 261 484
17 7 19 228 823
13 7 27 252 779
10 6 19 129 705
15 13 27 210 951
14 11 29 266 690
16 12 15 134 837
17 13 22 232 482
18 7 22 181 1067
14 9 25 246 675
11 10 23 202 831
17 5 23 234 675
17 14 27 194 888
13 13 23 265 627
18 10 16 165 572
16 10 19 183 767
12 13 27 118 1163
13 5 20 117 1054
11 11 15 198 496
13 12 18 127 983
17 8 17 222 1031
18 12 18 165 1094
15 10 20 215 898
16 9 15 161 963
16 8 28 182 858
16 10 29 210 922
14 13 16 183 729
18 12 17 144 673
11 5 26 292 883
13 14 26 154 896
18 12 16 231 448
17 10 28 292 677
11 10 24 131 598
19 11 25 195 444
19 6 16 179 990
15 9 16 246 560
13 11 20 129 885
17 12 23 249 493
12 5 28 265 401
18 14 27 230 1127
14 9 17 276 1101
19 13 26 206 691
10 11 23 115 929
18 14 28 137 884
10 10 26 248 564
18 7 16 119 1065
11 12 20 160 842
11 14 18 208 965
13 9 28 121 567
15 6 23 139 975
18 11 18 297 722
17 6 20 133 612
11 5 23 232 879
14 11 25 133 891
13 12 17 132 744
19 9 21 228 925
10 13 23 100 842
11 10 21 143 986
19 11 29 137 884
15 14 25 255 916
18 11 23 220 750
19 11 24 139 736
17 7 18 215 756
18 10 23 176 960
14 9 29 212 941
14 11 16 207 895
16 7 22 134 800
13 12 27 177 819
17 5 16 194 1076
19 10 23 150 931
15 12 16 138 792
19 10 21 139 792
13 11 19 166 494
13 11 15 256 924
11 13 24 260 696
13 11 22 199 602
15 9 24 256 816
13 14 22 285 430
15 6 17 225 591
13 14 27 101 847
12 6 27 246 825
12 9 19 107 687
15 5 27 104 524
14 13 18 228 608
10 13 23 198 852
16 10 24 229 924
18 11 27 196 559
10 11 28 206 943
11 7 25 161 799
13 11 28 132 1083
14 6 22 161 976
18 5 17 249 1035
19 7 28 106 571
10 9 17 202 698
15 14 23 129 855
16 8 17 164 760
18 10 26 111 919
12 13 16 263 882
13 11 28 281 916
15 5 21 270 791
17 5 20 139 1051
15 11 16 172 448
11 6 18 216 807
14 9 15 201 844
19 12 19 288 521
17 10 24 294 911
18 14 18 214 683
15 5 21 278 533
16 5 21 195 685
16 5 16 105 661
11 7 22 167 659
11 8 19 294 826
14 8 19 268 515
16 11 24 110 727
15 10 20 222 766
10 8 18 249 768
12 8 19 193 522
16 13 27 196 736
17 8 15 180 779
11 6 22 172 458
13 5 15 201 496
14 8 17 276 869
13 5 17 169 525
18 12 24 255 423
18 11 18 261 648
19 9 26 269 949
15 8 29 126 727
16 8 20 212 1141
19 12 20 182 488
18 10 24 168 839
15 12 18 248 794
16 14 26 171 838
14 9 24 284 948
12 10 15 165 665
15 7 22 116 610
15 13 17 211 558
16 14 22 105 944
16 13 24 261 1033
15 13 26 154 617
12 7 23 277 382
16 11 19 125 853
11 14 24 173 522
18 6 22 285 943
14 11 24 106 1120
15 11 26 142 450
10 12 19 103 958
17 14 26 260 525
14 8 26 278 973
10 9 22 102 948
15 8 24 196 730
18 11 19 294 994
19 12 18 246 1015
11 11 17 126 996
10 11 29 126 751
11 5 24 178 731
11 6 23 249 497
18 12 20 115 940
18 12 24 191 748
17 6 18 242 438
11 12 22 143 574
14 13 22 132 554
16 5 26 140 842
12 6 15 263 697
19 5 15 143 803
13 7 20 260 718
15 9 21 150 594
18 14 26 142 544
11 13 27 159 603
17 5 15 281 968
10 7 23 178 1120
16 6 23 294 470
17 8 22 253 907
14 7 27 158 772
13 13 18 288 873
15 6 22 120 513
11 8 21 278 910
17 8 29 110 694
14 8 21 219 1139
19 11 18 202 992
16 10 21 159 963
10 14 16 170 1073
15 10 26 138 701
18 9 29 131 1008
12 5 25 279 591
16 7 17 178 601
14 11 22 179 670
13 5 28 226 613
12 8 21 157 970
19 13 17 245 893
13 7 29 258 962
12 9 25 196 1052
17 10 19 239 643
15 9 27 163 1087
15 8 27 276 378
10 9 28 136 890
15 14 26 292 688
18 6 18 290 761
15 8 28 129 843
15 7 24 198 507
16 5 15 269 639
11 9 15 210 715
14 9 21 114 968
16 13 18 164 829
11 9 23 179 499
13 11 15 142 702
17 6 22 253 659
16 8 29 146 1075
18 9 22 265 805
14 8 17 190 854
17 7 25 149 844
19 9 25 187 496
13 8 25 267 832
19 12 27 175 887
19 7 29 145 986
15 7 19 165 909
19 9 22 253 868
13 10 20 247 750
19 13 26 245 1064
11 9 19 126 808
13 5 15 114 915
16 6 29 266 983
11 8 21 212 869
17 10 19 102 910
15 7 27 234 422
19 9 22 204 667
12 9 18 281 902
12 14 26 164 635
13 8 18 125 549
11 7 20 123 656
15 8 18 201 821
12 11 23 185 917
12 7 22 147 955
15 14 16 114 870
10 9 29 174 594
19 12 25 115 712
11 9 26 179 1022
17 11 22 276 640
15 11 16 140 431
10 14 15 159 837
16 7 20 167 858
13 12 19 114 700
17 6 29 105 648
11 8 16 142 552
12 10 20 281 573
11 6 23 155 811
15 14 17 286 636
10 10 29 271 625
15 14 24 186 564
17 10 27 205 581
18 9 17 276 520
15 7 16 245 568
10 11 26 245 747
15 7 26 164 907
18 11 22 141 643
11 9 28 226 1034
18 12 21 267 694
14 5 15 255 843
16 11 26 153 639
12 12 27 120 897
16 11 23 220 617
17 14 27 118 1056
12 7 29 270 386
15 9 15 107 552
10 6 22 186 455
14 9 20 208 762
14 13 22 290 586
11 6 20 221 976
14 7 18 184 785
15 9 21 254 817
11 8 28 130 882
19 7 19 165 945
17 12 17 156 668
14 7 26 213 473
13 8 24 163 679
10 5 29 146 750
10 9 21 150 927
17 5 24 288 1011
18 11 17 290 736
18 5 22 178 388
17 8 27 198 823
13 9 24 160 1080
11 6 17 215 456
12 11 24 140 880
10 10 27 248 670
19 13 18 272 897
16 14 21 111 684
16 9 21 113 599
12 5 19 188 872
18 14 18 168 837
12 5 28 129 661
17 7 19 198 989
19 6 24 269 461
11 11 17 141 549
17 9 17 116 594
16 5 18 208 423
19 6 18 222 914
13 12 15 262 509
15 13 27 149 500
14 6 16 211 977
11 14 22 235 408
19 8 15 263 468
19 13 20 108 481
10 8 27 159 876
15 10 28 255 776
18 11 16 102 736
19 6 28 200 757
13 8 27 223 668
11 9 28 153 598
15 10 23 292 626
11 5 21 275 584
13 13 27 156 657
12 13 27 205 783
19 9 16 271 898
11 13 16 171 586
13 14 29 204 950
18 12 15 220 673
19 8 29 247 1049
11 13 21 289 713
19 6 25 294 555
18 5 15 183 1130
14 12 24 178 458
12 5 15 217 556
15 7 25 215 885
16 6 21 110 851
10 6 17 131 909
15 9 21 202 1029
11 9 24 218 729
13 13 21 292 1042
17 6 24 135 642
17 5 26 252 830
17 14 22 145 989
10 6 16 109 1014
10 7 29 211 874
10 9 26 217 807
15 6 29 235 744
19 5 20 105 594
14 8 19 106 447
18 13 22 186 808
19 14 18 150 784
13 11 27 197 1042
15 8 22 261 562
12 7 25 279 1103
12 10 22 248 710
13 6 22 239 829
14 8 29 240 710
18 11 18 224 781
13 13 29 287 681
18 6 27 175 830
10 5 16 286 406
19 7 21 272 996
13 11 17 280 827
12 12 16 272 721
11 9 19 242 804
18 14 16 270 671
10 9 25 155 988
14 11 18 159 789
17 13 28 241 602
18 13 22 141 616
18 13 19 203 887
17 12 20 269 615
19 9 21 266 674
14 12 23 122 796
19 5 28 199 614
14 6 27 186 648
17 11 19 146 1113
19 14 23 159 727
11 9 25 256 659
16 7 22 175 634
13 11 21 280 650
16 9 19 179 631
10 10 19 115 639
12 8 26 154 798
13 10 16 178 633
18 13 21 231 900
16 11 18 215 540
18 13 19 201 706
11 9 28 196 640
17 8 24 225 733
18 8 18 172 779
15 6 15 136 748
10 9 17 252 696
17 12 26 245 773
17 13 27 289 921
19 5 18 212 712
10 7 19 279 515
14 6 29 195 631
15 7 22 125 685
12 8 29 257 455
11 6 28 275 871
16 7 28 219 767
18 11 25 271 1017
10 11 20 250 622
18 13 25 110 794
18 10 20 231 502
12 14 28 157 516
18 12 19 232 1066
10 9 22 260 959
19 9 19 212 729
10 13 15 233 1052
19 13 25 185 654
19 8 21 286 1092
10 14 20 270 596
11 8 28 242 957
12 7 15 179 460
10 5 18 181 981
16 8 18 166 761
16 14 21 105 653
13 9 19 257 665
12 11 18 262 498
16 14 15 270 974
12 11 28 232 799
19 13 23 180 808
16 8 20 133 555
19 13 29 241 771
16 6 16 287 432
12 7 24 207 738
18 11 23 148 608
11 13 24 129 558
17 14 16 139 1040
19 13 29 184 629
10 13 21 252 905
12 5 24 191 536
15 13 15 124 599
13 14 18 248 1048
13 12 17 274 1004
17 10 19 239 423
13 12 22 210 890
17 12 16 149 1071
16 12 18 145 545
10 10 24 162 820
10 8 25 109 1057
10 9 22 203 358
16 9 27 220 638
16 8 17 191 362
15 6 17 210 582
15 6 27 188 1054
13 12 27 169 704
16 13 28 103 722
19 13 23 245 427
18 5 28 178 987
10 7 23 211 1047
10 14 29 146 842
15 12 21 168 813
15 7 25 227 771
18 14 23 112 800
16 14 29 105 1031
16 13 21 126 1001
13 6 22 232 542
19 5 16 171 622
15 14 15 170 662
18 13 19 130 931
16 8 23 222 478
15 11 16 270 813
18 11 24 135 668
14 7 17 139 955
14 10 17 102 647
15 8 28 176 689
14 7 25 261 636
13 5 27 212 519
15 5 24 186 684
14 10 22 135 962
16 8 24 100 610
13 8 25 249 789
12 11 21 144 532
14 12 22 294 693
14 7 18 181 800
12 8 25 140 706
12 13 19 218 1086
12 10 19 240 571
16 5 24 185 478
17 14 22 285 937
18 14 29 239 745
10 13 17 237 774
18 14 26 124 708
10 10 26 160 591
14 6 18 175 1029
19 5 23 156 961
10 5 27 158 582
16 14 25 107 517
15 8 27 257 832
12 9 28 114 984
15 12 22 212 1027
10 12 20 233 694
13 6 19 204 651
11 11 19 133 456
16 11 18 178 752
19 7 22 187 501
16 6 16 209 586
13 14 25 298 488
12 14 21 139 583
12 6 18 271 848
12 10 22 119 567
18 9 17 204 960
11 10 17 290 570
13 10 22 258 901
15 14 18 197 839
14 6 25 131 528
16 6 23 254 610
17 7 15 186 1053
15 8 16 294 726
12 7 23 293 1041
10 7 18 132 637
18 11 23 147 623
11 9 15 139 620
12 7 29 237 1155
18 7 28 161 1100
17 11 28 161 618
19 8 24 214 597
16 9 27 139 625
13 14 29 162 780
14 13 18 209 627
16 13 26 129 736
17 11 25 246 793
13 11 28 263 449
16 10 25 296 1002
16 7 24 285 618
16 7 23 122 722
12 10 18 172 713
16 8 16 289 836
15 13 21 116 495
18 10 26 144 782
18 13 28 112 966
13 5 18 266 1078
17 7 26 102 402
11 5 29 103 1062
15 10 16 210 852
19 7 19 281 551
19 12 28 267 415
10 8 16 135 681
12 5 16 114 722
14 6 25 249 843
13 13 25 143 919
12 8 26 175 716
12 13 15 141 957
11 10 27 164 693
10 10 20 223 719
19 12 28 107 778
12 10 21 147 678
17 7 18 255 516
12 10 26 250 932
16 10 20 133 737
18 10 21 172 1089
14 5 29 285 668
10 12 22 184 598
15 9 22 181 1003
10 12 21 155 800
19 10 23 202 574
17 9 23 169 993
16 6 25 200 731
19 10 17 143 1067
11 5 23 276 924
13 13 20 290 920
16 12 17 166 962
13 7 29 105 605
10 11 25 207 1051
19 7 26 137 548
13 5 19 103 793
11 14 18 177 692
11 9 20 124 800
17 10 27 286 1098
12 10 17 142 581
11 10 17 145 487
16 9 17 240 766
14 12 24 245 847
11 9 18 211 616
11 10 27 133 760
10 7 20 139 605
10 12 24 158 606
18 5 21 135 905
19 5 26 197 684
12 7 27 189 1166
16 6 20 277 754
16 14 24 106 450
19 8 23 115 545
14 8 20 155 1129
12 12 26 272 946
16 12 26 237 882
13 8 27 275 664
19 10 20 168 833
17 11 21 261 689
12 8 25 209 910
16 7 27 164 863
11 5 15 158 601
13 5 28 257 676
10 12 29 281 698
12 12 28 291 636
19 6 18 200 866
13 7 15 228 378
10 7 25 297 808
13 5 25 204 778
10 7 29 142 807
17 5 19 231 948
19 5 20 127 797
14 14 16 248 981
12 10 29 249 627
17 9 27 153 906
12 6 21 196 749
16 7 16 144 761
13 11 29 278 664
10 11 20 217 803
19 6 29 205 667
12 13 21 196 503
11 14 19 118 1006
15 5 22 143 824
17 6 28 242 1028
10 7 22 110 670
12 6 28 176 468
12 7 15 156 489
18 5 17 164 534
11 11 21 177 721
18 14 20 107 601
12 10 15 258 627
12 14 15 115 664
14 5 27 108 460
11 10 19 130 745
15 11 16 257 562
19 14 16 205 794
10 5 20 125 969
17 13 27 262 860
18 10 20 296 735
12 5 26 294 569
17 11 29 221 817
19 11 15 121 1013
14 14 19 260 586
13 12 15 130 460
11 6 25 286 763
10 9 27 277 1135
16 12 29 258 944
13 10 15 128 925
15 9 26 121 755
12 11 15 169 752
11 12 25 267 984
16 7 29 279 882
19 8 20 243 721
15 10 26 119 960
17 13 18 289 746
18 5 17 194 851
13 7 24 271 450
19 11 29 138 974
16 5 26 212 811
10 6 24 129 692
19 10 25 146 979
17 10 16 256 1168
10 11 23 257 717
13 13 24 135 849
15 11 25 214 735
16 7 15 212 784
10 13 29 172 956
16 9 15 248 532
19 10 23 113 716
16 6 26 277 729
12 14 27 209 832
11 5 25 103 761
13 13 25 286 1018
17 6 19 248 673
16 9 18 276 787
19 10 17 149 657
13 7 27 145 846
13 9 19 264 1141
19 7 23 201 821
19 7 23 241 788
11 11 25 279 643
14 6 29 210 989
12 7 25 116 741
12 12 16 212 982
10 8 25 136 767
15 14 28 271 923
11 12 25 290 568
18 6 16 137 654
11 11 26 148 925
14 8 25 174 814
11 10 26 201 561
14 13 28 154 679
14 14 15 216 703
10 11 24 244 981
12 12 19 257 857
10 12 29 262 776
19 6 23 156 842
11 12 27 104 693
17 11 29 106 576
11 12 23 270 733
12 5 24 268 685
10 13 22 143 898
10 9 25 225 972
11 5 15 284 681
15 10 19 194 613
13 12 24 232 689
19 5 17 283 816
19 6 20 233 1065
11 6 25 240 801
18 9 16 286 420
14 7 24 285 546
16 6 26 156 853
10 6 26 244 943
19 12 16 230 993
12 8 17 103 574
19 9 27 106 924
13 6 22 297 462
16 9 27 216 616
13 12 23 240 766
14 12 29 224 426
11 6 20 227 476
11 11 17 161 603
18 8 22 122 901
13 12 25 124 611
10 6 23 127 908
13 10 20 146 567
15 5 28 122 586
16 5 26 191 579
12 7 22 269 664
18 11 20 292 739
15 7 20 275 1002
19 11 18 148 657
10 13 20 161 917
18 6 25 199 772
15 5 18 228 1030
19 9 26 256 713
16 5 22 164 897
14 13 25 215 651
10 8 28 239 858
11 12 22 214 977
15 9 21 181 579
13 9 18 172 686
10 7 16 117 916
12 14 21 212 601
14 12 22 207 1093
19 5 19 212 906
10 5 23 103 973
17 8 24 105 962
17 7 27 149 704
18 10 24 148 657
11 13 21 107 922
11 8 26 240 1016
10 13 25 261 706
10 8 28 184 468
18 12 21 253 481
15 12 20 174 574
17 6 21 287 755
18 10 24 226 897
16 11 26 176 510
14 14 27 155 969
17 9 28 145 970
14 12 22 295 562
13 14 29 173 711
12 5 18 185 857
12 5 29 285 922
10 14 20 210 911
14 8 26 262 759
18 7 24 289 833
17 5 28 106 499
14 11 21 211 853
10 8 29 120 1104
16 10 16 176 473
18 8 16 182 797
12 6 25 153 679
13 9 15 119 735
13 8 22 219 577
16 13 17 246 636
19 12 21 193 676
10 11 16 173 908
11 13 18 250 930
19 8 15 186 994
15 10 23 200 578
17 8 20 158 901
17 14 26 114 624
19 14 19 272 970
10 7 15 211 624
11 11 27 263 631
12 10 28 246 729
12 7 24 292 978
12 7 23 254 644
19 7 17 285 675
18 9 16 259 563
18 13 22 120 675
11 12 24 179 476
13 11 20 152 776
12 10 24 258 934
13 11 28 110 773
12 12 17 161 905
12 12 21 164 657
11 10 15 242 441
16 5 20 220 889
11 7 24 293 677
19 7 26 172 797
16 12 20 162 576
17 8 24 181 600
19 8 24 280 438
18 6 25 206 822
18 8 25 226 620
12 8 19 124 860
16 8 26 232 1008
19 8 15 183 409
18 10 22 172 789
17 10 19 210 698
17 6 29 210 550
19 11 22 197 857
16 7 28 206 879
17 5 29 222 361
15 9 23 185 214
19 14 29 132 897
17 11 21 281 635
17 7 17 256 690
18 8 25 146 641
16 10 19 103 891
13 9 22 185 792
10 5 19 145 976
15 6 23 182 801
14 13 25 251 1029
16 13 29 118 948
15 13 18 253 867
10 12 21 185 906
18 13 20 147 874
18 12 15 127 746
10 6 15 109 998
18 13 23 175 720
19 11 26 107 580
14 11 18 134 487
15 8 23 268 1001
19 11 25 218 903
15 5 22 226 1054
12 14 15 152 995
12 5 15 271 678
12 7 23 293 955
12 9 24 150 570
12 12 28 241 1113
13 9 19 285 1038
11 14 21 137 706
10 13 28 276 1006
18 6 29 294 607
19 14 29 223 601
12 8 17 130 609
11 12 26 226 648
16 6 15 106 434
11 13 29 170 784
15 9 15 173 522
16 12 20 200 769
13 5 28 105 758
13 6 19 103 863
13 5 23 275 750
10 14 23 226 902
17 14 20 221 715
13 12 16 142 972
19 13 23 276 965
18 6 28 295 871
13 5 26 269 605
10 5 17 179 630
18 14 27 255 835
13 8 17 142 547
10 7 15 216 820
13 14 26 269 935
18 10 28 103 835
12 8 23 289 479
14 10 21 119 755
12 14 19 217 569
16 13 24 137 685
19 7 21 165 812
19 10 22 112 948
17 13 26 146 464
16 6 26 136 550
15 7 24 211 622
12 8 20 270 885
17 12 25 141 945
15 6 26 282 455
10 5 18 181 907
14 14 19 120 449
19 6 25 171 990
18 8 18 272 640
19 13 27 223 1070
12 8 27 217 996
19 11 23 254 545
13 14 27 244 1012
14 13 16 142 661
12 12 17 262 782
14 7 21 165 1025
17 5 27 178 910
15 11 16 198 556
12 5 27 159 800
19 6 19 273 821
12 7 16 166 426
15 7 20 123 889
13 11 25 243 572
15 11 19 217 577
12 13 29 288 746
10 9 16 270 706
19 10 29 289 958
19 10 16 128 1099
14 14 22 202 893
11 9 25 204 772
19 12 28 286 730
13 14 16 155 897
14 14 23 252 434
19 7 16 129 758
13 14 24 135 750
15 6 28 223 931
18 13 19 170 539
19 7 16 104 793
15 5 26 191 558
14 7 22 120 828
18 14 15 133 657
15 5 19 250 882
19 14 21 257 895
11 6 19 225 948
11 5 19 253 964
18 9 20 109 525
19 7 26 271 785
18 5 29 174 800
11 9 28 235 1135
19 12 18 141 702
19 12 17 221 611
13 5 19 179 569
14 11 20 168 759
13 13 17 226 776
11 9 28 242 618
14 7 27 144 782
10 12 20 243 416
18 13 20 198 948
16 13 20 260 556
12 10 28 265 1006
14 13 22 157 480
10 13 19 243 580
14 12 29 177 792
10 8 24 232 738
18 10 23 218 817
15 11 18 100 570
12 13 22 282 831
17 10 20 236 498
15 11 22 178 968
17 7 21 120 735
14 5 16 171 860
10 13 21 271 727
13 13 15 243 1063
16 10 25 179 691
16 9 18 218 512
18 11 27 184 927
16 10 26 281 990
11 11 27 182 1109
13 5 20 213 890
18 11 27 237 1089
13 10 15 232 736
11 10 22 173 678
14 14 25 281 424
17 13 28 151 662
19 8 16 200 1019
10 14 29 108 759
12 6 23 154 990
19 7 18 147 701
10 10 17 266 729
12 8 21 199 687
14 11 23 100 589
13 14 26 125 847
16 7 24 169 1014
14 9 29 202 581
16 10 17 248 887
13 7 17 271 824
13 12 21 204 984
12 13 16 178 829
14 13 18 251 1103
11 5 23 143 586
12 13 18 196 880
17 13 28 139 916
15 7 21 199 882
14 13 24 194 879
15 12 23 237 618
18 6 28 285 464
19 10 16 233 934
10 10 24 294 571
12 11 16 253 867
12 7 15 208 972
15 8 23 132 848
15 11 17 169 856
10 6 21 266 764
17 11 19 262 834
14 14 20 169 847
16 8 15 279 767
13 9 25 108 485
15 13 18 117 427
12 8 18 219 1076
17 10 24 124 1122
12 8 26 191 674
16 8 19 265 666
15 7 24 116 470
19 14 26 187 723
19 9 22 282 1004
14 14 29 191 744
11 14 26 122 940
14 9 16 219 644
11 6 17 272 789
10 9 20 171 824
19 14 23 111 883
10 11 15 295 422
17 13 29 249 740
12 5 27 231 872
10 9 18 147 941
11 7 15 124 755
17 14 21 146 671
16 10 16 284 995
11 8 28 206 845
18 9 21 165 442
10 10 18 165 798
12 12 22 158 901
12 10 28 239 983
19 14 15 265 840
18 9 15 175 1119
12 13 19 233 750
16 10 15 191 865
14 7 19 224 889
13 10 21 121 890
18 8 22 109 529
10 6 18 165 886
14 5 29 266 597
12 14 17 270 700
14 14 29 135 810
16 14 21 145 836
17 6 17 210 800
18 12 25 289 751
14 9 22 292 826
15 11 21 101 611
19 5 17 247 727
13 7 16 296 1055
18 11 28 177 882
13 8 26 154 641
19 6 25 198 1156
10 7 26 150 567
12 8 21 222 962
10 7 16 118 748
19 9 22 107 900
19 9 27 252 560
14 9 15 108 746
13 12 22 296 1003
13 5 24 133 837
16 10 28 154 628
17 12 21 119 631
15 14 24 108 544
11 14 25 173 1004
11 6 20 125 463
11 9 19 231 916
10 9 19 249 890
11 5 15 120 372
15 14 15 203 691
10 12 15 151 876
10 6 15 284 970
15 6 23 137 791
11 13 17 177 961
10 13 23 250 373
13 13 26 174 462
19 12 23 253 1097
14 9 15 112 684
19 8 29 285 662
16 10 28 206 965
16 9 22 104 880
18 8 19 185 673
19 12 26 256 636
18 10 15 216 863
18 8 15 126 531
19 9 29 197 865
17 11 29 218 969
18 5 26 148 743
18 7 20 241 595
10 11 26 237 719
16 8 29 111 563
14 13 29 155 895
17 10 28 197 639
13 5 20 107 718
12 8 23 181 689
19 10 17 213 371
11 11 19 219 887
11 8 19 192 668
16 8 26 156 886
17 10 15 101 1063
11 7 21 201 513
19 5 26 140 620
18 8 25 263 1174
19 6 23 108 976
19 13 26 274 456
15 10 26 268 635
16 6 16 219 628
11 12 18 136 822
15 8 29 176 666
10 9 20 165 923
18 6 28 221 996
11 9 25 135 1013
19 6 29 230 771
19 6 22 274 681
15 5 19 155 975
15 12 17 235 584
10 12 19 198 870
18 8 18 293 394
11 11 18 182 580
12 7 28 231 752
17 12 28 121 771
16 8 18 299 664
11 14 22 177 726
15 6 18 192 952
18 5 27 141 743
18 8 27 253 844
18 14 24 138 607
12 11 28 214 588
13 11 23 176 564
14 13 27 206 878
11 11 19 102 528
11 10 28 203 626
16 14 23 185 970
18 14 29 201 400
19 14 21 278 904
14 9 28 272 1005
13 14 28 276 722
17 14 29 284 774
14 8 17 265 1033
10 8 17 146 955
18 13 18 183 702
14 7 19 191 845
12 9 20 218 882
10 10 15 109 561
19 8 24 218 896
19 11 17 141 817
16 6 28 142 953
17 5 20 255 943
18 8 24 297 724
12 10 15 136 1164
15 9 29 180 432
18 10 17 149 880
13 5 21 155 918
13 9 20 126 710
13 11 20 251 821
17 8 23 270 856
17 6 28 289 758
17 6 26 272 923
16 8 16 219 396
12 5 28 171 568
18 10 22 267 496
14 14 16 279 861
17 12 28 265 492
13 14 28 201 500
12 13 28 290 621
15 13 17 171 873
17 10 22 134 893
15 13 21 129 830
12 5 18 220 948
18 9 15 172 654
11 12 28 102 879
16 8 28 256 585
14 7 25 115 467
15 9 22 258 713
12 14 26 189 740
18 12 15 291 1049
18 5 17 214 706
15 5 28 122 929
18 8 24 230 576
12 10 19 167 965
16 7 17 105 847
18 9 23 221 687
14 12 16 251 813
16 14 22 262 693
19 14 18 283 875
19 7 24 201 439
13 12 26 132 922
16 7 18 115 418
10 8 21 138 838
16 14 26 217 882
17 11 25 171 1018
19 6 20 125 722
12 10 25 202 941
16 10 28 222 1028
17 5 25 105 586
18 9 17 145 684
14 10 20 199 965
13 14 25 176 828
14 8 22 129 838
13 14 24 291 1004
16 8 29 117 815
19 8 15 123 987
18 11 18 268 746
11 9 17 275 539
12 12 27 159 962
14 7 18 135 715
16 5 17 106 602
18 5 29 221 610
14 5 15 287 1051
15 10 17 250 1128
17 10 22 167 678
12 5 26 205 1004
14 13 29 279 479
19 8 15 132 668
18 6 26 205 791
18 12 28 280 792
16 7 15 208 395
13 14 19 252 863
14 7 22 196 582
12 10 18 185 682
10 10 21 248 576
11 9 19 281 1115
19 10 29 186 676
11 9 17 298 726
14 11 26 264 1106
12 6 28 272 778
15 8 19 187 626
16 8 25 138 842
16 14 24 218 651
11 7 18 180 1076
10 13 24 225 979
18 14 23 148 671
15 10 25 114 421
14 14 20 289 921
14 14 17 298 830
19 11 22 248 619
19 14 17 195 796
10 5 29 156 614
17 12 22 157 717
12 10 20 187 522
11 6 16 248 996
13 6 17 202 1056
12 8 20 168 938
11 11 27 239 619
10 7 16 118 882
12 12 26 136 592
18 5 15 135 810
15 12 25 270 736
17 9 19 257 441
18 13 26 296 665
10 9 15 256 550
16 5 20 102 795
18 12 15 126 1083
10 7 29 152 667
15 7 26 289 1043
16 9 20 141 630
19 13 20 169 611
17 5 20 154 629
19 11 28 108 600
19 12 18 251 471
11 7 17 130 820
14 9 16 197 988
15 7 23 206 768
16 13 15 188 445
10 11 28 181 1088
11 7 22 203 931
16 9 29 138 979
12 6 29 200 685
10 7 18 162 948
14 14 21 114 568
10 9 29 279 682
14 6 25 258 1142
17 14 29 198 718
18 9 16 171 787
12 10 24 287 707
13 6 23 257 605
19 7 15 213 795
12 13 20 139 990
10 8 18 159 440
17 8 19 250 601
14 13 19 219 533
19 6 24 205 818
14 10 20 282 780
16 8 18 212 886
13 8 28 211 799
13 9 18 168 555
15 11 27 293 1120
11 7 25 274 849
13 12 18 210 569
15 10 26 103 1007
18 7 21 248 722
12 5 29 113 887
13 5 17 262 555
16 11 27 267 828
16 5 19 140 1107
14 5 19 130 628
12 9 22 267 845
11 6 20 179 600
18 7 19 206 906
19 10 19 115 918
14 6 26 238 1037
15 11 18 135 913
19 12 29 132 955
16 9 23 200 620
19 13 17 256 849
11 6 18 257 737
13 10 21 258 829
11 12 28 219 386
19 11 21 233 742
15 9 16 183 1140
13 13 19 293 642
12 6 27 262 730
11 11 25 161 537
17 5 21 150 693
17 13 21 169 1140
11 10 26 246 842
19 7 21 274 584
17 8 15 268 1099
15 9 16 203 929
19 11 28 292 875
17 11 24 170 993
18 7 19 159 907
17 8 19 134 977
17 5 24 187 683
16 10 29 166 635
19 5 15 275 687
10 9 20 207 766
18 9 19 277 633
13 8 27 289 670
16 11 22 146 889
11 9 15 123 921
19 11 27 248 924
14 11 17 262 947
12 6 19 239 742
19 12 23 162 749
16 7 23 115 924
10 11 18 187 1047
17 6 17 181 680
18 10 16 121 839
15 13 28 245 514
19 14 15 126 886
19 14 21 267 996
15 9 27 277 933
13 11 19 282 726
19 10 15 284 686
12 5 26 173 929
15 9 19 170 819
17 14 26 151 910
13 10 22 206 639
15 10 26 222 725
15 12 23 156 1019
12 9 29 299 423
15 6 26 251 824
17 13 22 298 796
12 6 18 291 580
19 5 20 149 1117
14 5 27 198 733
14 9 17 191 1009
10 5 15 210 871
14 7 24 214 896
14 6 17 193 1124
11 14 15 283 548
16 13 29 183 628
17 6 15 103 476
18 7 17 200 891
15 8 15 277 1024
12 9 26 200 445
16 14 18 133 735
17 7 18 137 674
10 8 20 222 966
13 5 18 275 1007
12 11 25 145 727
12 6 26 161 551
18 7 26 214 570
17 10 27 138 709
12 8 26 264 756
12 14 27 117 636
12 13 19 265 950
15 9 26 153 474
10 8 27 104 1014
10 13 26 150 816
14 14 27 219 841
14 10 24 277 567
18 9 22 104 609
19 6 17 261 952
19 7 21 256 732
17 11 19 151 679
14 12 25 222 797
12 10 28 280 544
16 14 18 175 949
19 10 27 127 491
18 13 25 193 488
17 8 21 128 464
13 7 25 121 815
14 5 16 216 619
14 12 28 291 719
12 14 26 241 1005
12 7 29 124 703
15 6 18 270 799
19 5 23 147 891
19 10 27 282 976
14 14 22 226 971
18 8 28 234 846
19 5 18 207 512
11 6 19 279 652
16 9 16 167 876
13 7 25 131 992
11 11 26 238 813
19 5 25 184 578
10 14 16 128 1023
11 14 20 195 583
14 6 17 146 837
17 12 18 240 737
15 11 24 133 372
12 13 19 108 892
15 6 26 150 707
14 12 27 279 638
11 7 24 226 897
10 7 22 123 998
18 9 28 187 802
10 6 29 280 711
12 14 23 229 838
13 12 23 262 534
17 8 16 228 662
12 8 26 131 867
19 12 28 115 761
11 5 17 113 1020
10 14 23 106 809
11 12 20 160 691
19 6 29 214 904
12 10 28 280 759
11 10 23 206 718
11 12 19 173 821
19 13 17 233 1085
14 14 25 123 494
16 10 23 110 661
18 7 20 274 733
16 8 24 246 790
10 8 25 142 732
17 7 20 201 935
11 5 19 175 850
15 8 21 147 595
13 10 23 155 1158
18 10 21 186 421
15 11 27 232 730
19 10 22 150 999
14 13 15 208 906
10 13 20 227 543
17 14 29 286 898
16 9 16 269 847
19 8 17 168 677
12 9 18 191 590
10 8 26 162 796
11 13 15 280 696
10 10 18 149 982
16 10 24 134 469
10 14 16 229 487
18 9 23 143 837
19 14 16 132 936
17 12 26 130 498
13 6 22 292 652
18 11 19 193 540
18 5 15 170 714
18 8 29 195 647
11 11 15 204 689
15 13 27 257 1029
14 10 27 237 956
13 8 25 179 680
18 11 21 184 369
15 6 16 289 596
16 5 15 120 776
14 6 15 156 1077
14 11 21 182 1027
12 12 20 241 891
15 13 20 216 951
17 12 28 147 630
18 9 28 132 752
12 13 26 115 727
17 14 17 288 1007
16 5 24 160 660
17 14 23 162 406
17 14 15 130 712
17 14 16 297 743
10 7 22 209 456
12 10 20 249 584
17 12 23 273 1044
18 14 25 224 508
11 6 17 250 823
10 11 21 185 702
14 10 24 258 711
13 7 29 140 628
12 8 18 293 862
12 11 22 154 807
11 8 22 215 861
18 6 27 221 676
10 9 27 288 829
15 10 26 249 857
12 14 26 251 827
19 14 24 293 685
16 6 19 119 883
13 12 23 116 777
12 9 15 145 699
19 10 24 226 524
13 5 24 191 968
15 13 26 214 748
15 6 19 242 539
12 9 19 191 702
11 7 17 191 801
11 12 18 217 895
18 9 25 205 846
10 5 16 196 699
13 8 15 224 651
15 9 25 274 1004
18 5 24 160 815
15 6 19 100 799
11 6 15 297 608
13 5 27 149 749
17 11 22 139 814
12 6 24 245 467
15 10 19 146 833
10 6 28 133 689
19 5 15 233 1013
14 9 18 171 671
11 12 16 279 697
11 10 26 276 734
17 13 28 280 964
16 11 22 227 601
17 9 23 262 480
19 11 20 165 580
14 9 29 294 806
14 14 16 272 775
13 9 26 273 611
13 11 19 284 498
12 10 17 175 642
12 14 15 268 711
18 7 22 171 800
14 10 23 125 761
12 13 23 132 633
10 8 22 196 565
10 7 18 160 975
17 13 15 206 1000
19 10 19 177 809
13 12 21 290 1025
18 9 16 166 829
12 8 29 132 749
11 12 24 199 957
19 8 15 121 821
17 11 21 132 687
17 7 27 109 616
13 10 19 120 971
17 10 27 297 533
15 5 22 116 840
13 6 20 198 880
10 13 21 173 789
10 8 29 102 934
10 12 15 105 816
12 8 27 217 854
18 12 23 128 812
17 14 23 165 603
19 6 19 189 691
15 7 18 154 901
15 10 18 233 541
18 11 16 125 814
14 12 26 259 1081
11 10 21 282 660
17 14 22 246 723
11 6 23 163 536
13 7 21 197 812
18 10 25 181 902
14 11 23 155 718
10 7 27 203 707
13 8 16 263 1042
11 14 18 275 811
13 5 18 151 843
12 5 18 139 753
10 13 24 135 763
16 6 25 269 1067
18 12 27 222 647
18 5 26 234 491
16 10 15 103 531
14 7 20 113 919
11 8 26 172 1038
12 13 20 124 731
11 10 15 152 857
19 6 15 232 711
13 10 25 183 472
15 5 25 259 601
19 6 27 101 857
19 14 21 262 860
14 6 24 196 762
15 10 22 286 874
19 9 23 275 656
18 12 28 295 645
12 5 24 194 868
15 11 16 206 937
18 5 18 167 776
16 11 16 113 773
11 11 29 237 1000
16 6 25 243 926
15 8 24 110 644
11 5 21 274 683
17 8 27 114 782
17 13 18 270 847
17 11 19 199 1014
16 9 16 157 509
10 13 21 212 898
18 6 15 229 669
11 11 20 293 942
11 10 18 128 930
12 14 27 136 713
11 5 23 233 482
17 12 19 233 660
10 5 18 197 925
10 9 20 264 671
15 11 15 187 733
11 10 25 144 894
11 14 21 278 967
10 13 18 289 449
14 7 26 266 546
19 5 20 209 573
19 14 20 238 881
10 14 18 164 824
18 12 20 260 691
10 7 25 133 875
17 8 17 114 940
14 12 27 298 848
14 13 23 151 857
19 7 25 106 1012
13 9 16 125 675
17 7 17 134 800
14 10 27 294 811
10 7 20 278 754
10 12 18 170 1184
17 12 19 180 638
10 11 19 287 661
15 11 17 122 720
14 8 29 279 813
12 13 17 128 403
19 9 18 288 742
14 5 26 110 633
11 8 20 193 779
14 9 22 125 934
18 7 23 251 1111
10 11 16 222 724
12 11 27 160 992
14 12 29 285 656
10 7 20 269 656
13 11 15 108 696
15 9 15 209 605
12 14 21 122 816
12 10 25 140 928
10 5 26 219 821
19 9 24 176 729
17 8 23 255 940
11 13 28 172 548
15 6 28 153 678
14 12 21 131 376
10 5 20 282 716
17 9 24 160 557
14 7 19 112 960
17 8 16 120 688
16 8 28 107 531
15 10 16 218 763
15 7 20 102 647
17 13 25 221 861
17 14 19 281 611
14 5 18 206 875
17 11 29 218 1006
12 14 16 222 786
11 12 29 206 996
13 12 25 144 750
11 11 18 204 598
10 7 16 229 704
10 6 28 279 489
14 6 20 284 553
17 12 29 282 1030
13 13 27 289 517
10 11 27 257 571
12 5 16 146 555
16 9 19 100 1028
18 7 16 136 491
14 9 15 270 730
14 14 19 173 577
17 11 18 222 645
14 6 27 277 916
14 14 21 143 648
12 5 16 219 747
13 11 29 188 1108
11 12 22 132 1033
14 8 16 238 760
18 5 16 270 1081
11 12 21 227 859
10 6 17 220 474
19 11 26 134 521
17 5 21 218 1052
17 11 22 125 765
15 13 22 139 776
10 8 28 279 682
11 7 24 140 756
10 10 15 131 542
14 13 27 292 848
18 12 19 267 728
15 8 21 257 914
16 9 26 207 899
15 5 19 247 492
12 10 19 292 938
13 8 16 216 1029
18 14 25 194 610
12 14 22 119 699
11 7 21 186 938
15 7 27 279 776
19 12 21 222 630
15 10 28 294 1035
14 10 23 114 815
14 10 24 296 644
15 13 23 282 652
15 10 26 144 1010
17 10 18 208 562
18 11 24 226 862
12 8 23 252 987
11 9 16 117 1016
12 13 20 251 1074
10 7 23 165 650
19 6 26 114 863
19 7 25 216 932
14 9 28 144 868
15 6 26 190 886
18 13 20 102 732
12 11 27 290 764
11 11 17 280 593
18 6 17 262 835
19 5 20 194 1122
17 10 27 176 1065
13 7 26 187 449
15 7 17 251 571
13 12 16 143 644
10 12 15 204 466
11 5 18 156 926
10 8 20 190 879
10 7 28 217 711
13 10 25 249 742
16 8 28 177 926
10 14 23 294 656
17 10 27 186 498
16 13 22 225 867
14 14 29 102 623
18 10 26 172 968
14 8 24 204 780
12 8 29 189 623
12 6 26 219 766
10 5 18 269 1007
11 11 21 106 874
12 12 28 156 929
13 8 23 272 699
19 14 17 177 971
14 10 27 116 409
14 8 18 237 1048
13 13 29 294 750
16 5 21 220 534
17 6 18 235 608
18 10 20 137 896
11 14 22 164 585
10 8 16 271 773
15 6 16 178 975
18 5 16 292 680
12 8 15 129 965
15 7 22 211 552
13 6 28 111 783
13 8 27 134 703
14 7 21 116 858
13 7 26 101 871
12 5 19 151 879
17 11 24 114 551
12 10 26 203 726
13 5 20 286 1025
10 10 24 192 970
12 14 27 151 417
17 10 20 275 690
17 7 18 108 549
12 12 15 287 862
19 12 17 182 894
18 14 21 200 903
12 10 29 282 901
15 14 17 129 769
15 6 25 218 659
16 12 20 240 398
17 7 15 111 547
19 6 17 215 640
12 13 27 194 774
11 14 25 267 681
19 6 20 166 601
13 5 23 207 921
19 11 15 171 854
15 9 26 146 845
19 6 16 157 748
19 7 21 182 897
19 9 15 201 845
16 11 28 127 631
10 6 28 194 1072
19 5 18 256 720
19 13 21 129 575
18 12 16 243 761
16 10 27 228 560
12 14 16 134 728
19 10 22 224 874
14 14 23 173 790
17 13 26 253 1060
16 14 18 276 979
16 14 23 258 1095
13 10 28 109 1087
10 6 22 231 929
11 12 20 220 456
12 11 27 122 688
10 13 29 214 792
13 13 28 114 703
14 13 18 263 789
13 9 19 265 921
16 11 23 152 641
15 9 16 287 816
10 14 29 298 1024
10 14 16 140 405
13 11 22 201 517
10 8 28 285 788
11 14 16 208 781
16 13 29 125 905
16 6 24 131 815
10 7 19 171 994
19 14 28 234 823
16 10 28 145 692
18 13 21 276 504
16 6 18 202 576
13 13 28 161 774
14 13 26 186 848
17 10 25 291 909
10 13 17 206 986
11 13 24 108 958
12 13 29 205 550
18 10 17 261 821
14 7 15 242 788
16 8 28 212 991
16 12 18 143 702
14 8 23 279 922
19 9 25 177 644
16 13 24 144 680
13 7 25 219 908
11 6 16 224 576
16 10 20 295 766
19 10 29 217 953
10 8 27 242 1057
18 12 18 204 567
12 9 18 196 844
14 5 28 132 643
18 9 26 185 590
11 14 17 164 953
15 12 25 195 608
13 10 19 278 905
15 13 18 214 1156
14 9 19 136 1044
11 7 28 284 842
13 6 16 239 801
17 12 21 293 678
13 8 15 234 876
10 12 18 144 508
12 8 20 154 629
15 9 21 221 421
11 5 15 277 850
11 12 28 262 945
19 7 21 233 709
10 14 29 172 549
16 11 25 223 733
18 13 23 253 488
18 11 19 201 550
17 8 16 243 736
19 13 29 222 802
13 10 29 257 581
17 5 15 111 715
17 8 25 245 907
11 6 22 104 617
16 14 16 177 845
13 5 26 200 515
15 8 18 247 470
14 7 22 120 983
12 14 21 141 886
15 8 21 145 747
15 14 25 244 992
10 6 21 189 967
10 5 16 115 746
14 12 15 230 794
18 14 22 208 731
13 12 18 282 1122
15 7 29 104 517
16 9 26 162 867
15 8 26 218 906
11 6 16 248 464
12 14 26 187 742
12 9 29 260 847
10 7 24 192 462
16 5 19 237 682
16 13 20 299 618
13 8 25 166 454
15 7 27 188 826
14 5 27 166 783
15 13 18 248 1020
19 7 22 226 471
14 14 29 142 694
13 12 26 222 798
17 12 16 225 1056
11 11 25 166 954
19 7 22 108 664
12 13 19 197 814
13 14 18 247 606
11 7 23 120 717
16 11 28 172 857
14 12 27 140 895
14 14 15 288 1172
16 6 15 244 883
11 7 27 279 1051
19 6 17 222 895
18 7 15 287 470
14 8 20 258 1047
13 14 20 222 685
14 5 18 137 590
14 5 26 101 832
15 9 25 225 663
14 11 15 224 994
17 6 20 284 665
10 14 21 249 421
18 8 29 224 770
14 14 16 137 613
15 7 21 272 558
10 11 22 179 997
19 8 15 177 1072
11 8 19 209 785
11 10 22 220 939
12 7 20 234 536
18 14 27 233 807
17 9 28 259 1022
10 9 29 147 1069
18 7 27 123 765
15 9 29 109 901
17 10 24 270 1048
15 8 16 240 732
18 8 20 257 859
18 5 21 147 846
17 10 20 120 1068
18 14 25 210 499
19 5 27 237 839
16 10 22 247 733
12 7 18 209 649
19 14 26 111 1024
19 10 28 263 870
17 7 18 159 679
10 12 15 150 615
10 12 19 218 714
12 14 28 257 1046
16 12 25 173 877
15 12 23 127 650
11 11 29 186 677
13 10 18 152 871
15 5 15 191 773
10 9 20 194 832
18 6 18 134 884
11 9 25 267 491
14 14 27 138 617
15 10 23 186 755
10 6 17 123 479
12 8 26 127 549
18 12 19 193 996
11 14 19 199 760
13 14 15 253 873
17 11 20 138 1134
19 11 21 282 714
17 7 19 262 978
10 14 19 259 866
12 13 28 132 548
15 12 20 127 603
12 10 17 276 1051
17 10 24 110 731
15 13 20 190 835
12 5 28 176 746
10 11 20 275 616
12 6 17 119 1020
14 12 17 160 633
15 14 24 263 585
16 11 16 270 751
19 12 26 152 784
16 5 18 247 965
14 10 20 242 1120
15 6 24 259 774
11 14 22 248 943
14 10 21 221 665
13 5 22 290 902
14 9 23 130 1016
16 9 20 233 682
15 10 21 156 1016
11 6 16 257 580
14 10 17 224 796
19 8 23 116 589
11 5 26 139 477
18 6 26 251 844
19 14 18 141 762
15 14 21 217 585
11 14 15 113 611
14 6 24 177 450
15 13 28 191 649
13 12 28 285 570
19 12 26 211 1055
16 12 18 222 667
19 14 21 223 883
18 11 18 264 769
11 8 25 241 825
10 12 27 230 462
14 7 16 167 800
18 12 23 266 651
19 6 16 180 803
11 6 16 244 962
19 13 24 231 734
15 6 28 249 942
13 12 18 240 962
11 6 22 255 472
18 14 25 118 655
14 12 28 294 1089
11 5 25 102 786
19 9 25 146 1109
10 8 16 289 629
17 9 15 118 360
10 13 22 167 835
19 7 18 197 873
11 6 20 181 609
11 8 25 256 1117
18 12 24 200 776
10 10 23 277 576
17 12 15 134 885
11 12 22 278 678
18 9 21 269 712
17 5 22 220 884
16 11 25 172 768
12 8 22 186 1069
15 13 21 290 685
11 5 26 254 713
11 13 19 251 822
17 7 29 198 1086
13 9 19 206 697
19 8 25 162 1026
10 10 18 244 1121
11 11 16 279 994
12 9 27 227 1030
13 9 20 184 1144
15 14 28 163 897
14 8 24 292 844
11 10 26 215 1012
19 9 26 119 666
12 11 24 123 772
15 11 29 109 1055
19 10 17 227 974
17 10 18 144 681
18 13 19 133 489
16 9 26 284 703
17 9 29 116 985
16 6 28 272 900
19 5 25 107 1068
19 5 24 180 1008
16 13 17 264 758
16 14 16 226 447
19 7 17 219 911
13 12 23 249 924
15 6 17 259 848
18 5 29 210 898
16 11 15 145 529
12 7 20 257 1007
15 10 26 240 420
10 6 28 251 624
14 12 24 112 758
18 5 17 110 668
17 7 29 189 1001
10 8 19 104 631
10 6 29 205 964
11 8 28 299 839
17 14 19 221 1074
12 10 17 143 541
11 10 15 246 615
10 14 18 138 803
17 12 26 137 1168
17 9 18 252 856
12 14 16 103 696
11 5 19 128 623
17 13 26 206 752
17 8 17 270 1013
13 8 26 239 1022
16 11 17 196 724
15 14 15 187 986
11 14 21 190 1046
14 6 27 117 624
18 11 16 251 1071
19 8 19 281 585
14 9 21 211 763
10 11 20 212 446
11 10 21 277 490
15 10 29 167 871
12 10 29 257 594
10 7 24 253 644
13 6 21 232 844
14 6 16 169 1005
10 10 29 264 830
10 5 16 117 629
17 9 21 135 1160
15 10 29 263 716
11 13 21 196 615
13 11 28 197 551
10 12 28 178 812
16 11 22 117 808
13 14 28 243 451
10 5 17 278 972
10 9 20 261 854
13 9 22 223 977
13 13 25 119 796
12 12 20 202 687
13 13 22 120 927
10 6 27 138 570
13 13 25 264 992
10 7 28 227 588
16 13 27 178 1094
11 12 20 262 482
13 7 21 153 655
17 7 26 244 548
10 6 28 108 674
15 13 28 224 574
12 13 20 178 902
10 11 28 112 736
12 6 26 153 1161
13 8 18 174 786
15 8 26 295 893
12 5 27 169 589
17 6 19 297 887
13 12 19 160 697
17 8 23 196 853
16 10 23 157 489
11 11 21 122 995
18 9 22 248 678
17 11 29 287 740
15 14 17 276 690
16 8 26 111 1060
17 8 23 154 564
12 7 24 217 1024
13 6 26 145 758
12 7 20 116 753
15 8 22 170 969
11 9 29 178 741
11 11 24 140 652
18 12 20 285 985
17 9 22 192 591
12 7 21 231 932
10 7 20 175 1066
10 13 24 158 592
10 14 27 163 587
16 9 25 177 541
15 12 22 294 562
15 7 15 251 798
17 14 29 122 555
13 11 24 218 810
15 7 26 178 441
10 6 29 284 668
10 11 27 294 865
13 7 24 168 990
11 10 24 220 710
