17 14 18 195 980
15 13 20 195 788
12 13 20 109 890
13 5 25 271 298
55 12 15 201 400
56 8 27 287 250
67 7 19 166 316
89 12 16 105 457
13 11 23 578 215
17 9 34 987 383
11 9 33 879 267
14 8 40 1022 325
13 10 47 1001 201
19 6 89 2908 246
19 11 91 2890 354
11 8 25 193 680
10 8 28 118 804
11 5 24 236 658
16 14 21 217 522
19 12 27 197 997
16 9 16 116 510
12 7 16 209 948
19 10 23 185 524
11 11 19 150 706
11 5 29 167 965
11 5 16 189 742
10 12 27 132 768
14 9 18 237 373
17 13 27 142 915
14 10 29 143 906
18 5 20 236 861
17 13 18 216 1102
14 13 26 164 832
10 11 29 166 728
15 6 27 116 697
17 13 23 266 528
15 10 19 110 694
19 5 21 228 834
12 14 27 115 964
19 9 24 185 799
12 12 15 239 714
16 13 29 260 755
15 13 24 255 452
13 14 28 184 477
18 5 21 148 587
15 12 25 234 767
16 12 19 102 698
11 14 24 224 636
14 13 19 191 780
14 9 20 100 959
16 11 24 221 768
17 11 22 196 896
10 10 18 140 859
14 6 22 198 628
12 14 27 143 514
11 7 26 200 569
18 8 21 180 974
15 14 16 223 840
12 12 23 145 787
17 11 26 176 825
10 8 19 211 725
15 8 21 280 745
17 9 25 280 1092
12 14 16 199 837
15 10 16 183 1155
15 11 27 118 527
14 13 16 128 965
18 14 17 238 1033
18 9 20 235 697
14 11 17 211 827
11 6 26 276 762
14 12 25 220 467
17 12 18 180 929
18 5 19 234 914
16 9 20 236 572
13 14 28 176 624
14 6 20 100 1119
14 7 19 163 614
14 9 16 172 633
19 6 20 122 676
16 9 16 139 844
15 14 21 198 596
17 8 20 257 818
15 10 20 285 846
14 5 29 267 814
16 11 27 232 957
10 8 19 128 879
17 13 16 226 726
14 13 24 188 909
17 9 21 244 895
12 5 28 281 433
13 12 21 271 878
12 10 26 182 705
10 12 19 199 744
11 11 18 232 830
10 7 22 138 864
19 10 26 220 574
12 10 20 107 940
14 9 21 298 631
14 14 29 283 797
17 13 16 201 668
11 9 15 116 883
15 6 28 253 936
14 13 22 161 1069
18 7 17 290 781
13 14 25 109 786
13 9 28 124 1047
17 12 27 284 848
17 14 25 116 613
10 7 21 164 1139
16 13 16 153 1016
19 9 23 189 1103
19 14 15 172 751
16 13 27 169 895
17 13 23 234 865
18 6 21 276 358
10 12 20 278 759
18 10 18 261 793
16 9 24 232 569
12 9 21 207 760
14 9 16 167 725
13 6 22 287 581
12 9 28 144 581
11 7 16 203 913
11 10 24 150 1133
17 6 22 125 599
12 6 29 158 439
15 7 17 229 1048
18 7 26 160 797
19 7 24 115 688
12 8 27 287 433
11 7 21 199 981
17 6 20 127 685
12 6 25 255 598
15 10 27 196 1155
14 8 15 283 675
15 5 16 246 607
12 12 16 173 885
14 11 27 206 1130
17 8 16 267 948
10 6 18 211 1028
10 10 21 180 450
15 6 22 296 655
13 13 17 235 643
10 8 20 170 580
11 13 20 276 973
12 14 22 114 907
16 8 28 247 1100
16 12 23 105 1020
13 13 27 197 696
18 14 18 162 736
19 12 25 230 1016
13 12 22 106 788
16 13 23 211 516
10 10 28 144 772
19 9 29 183 394
12 9 21 236 398
10 6 22 119 941
10 10 16 107 993
12 6 16 282 589
11 7 27 114 815
15 12 20 219 514
17 5 25 270 667
18 7 17 179 529
15 9 23 102 845
10 5 29 145 850
15 13 29 246 762
17 7 21 229 915
15 13 29 292 765
17 6 20 276 917
14 13 28 245 536
18 7 18 278 583
11 5 23 177 831
13 11 27 119 655
13 10 16 155 536
11 8 28 219 1074
18 13 28 283 761
10 9 24 234 942
10 5 23 288 624
16 7 27 244 914
18 9 18 265 579
13 12 26 215 628
12 9 27 198 939
12 6 25 245 1076
19 11 26 264 557
19 7 23 285 586
10 7 26 268 924
17 9 22 133 987
13 11 16 241 947
13 12 22 278 629
12 10 15 206 662
15 5 25 200 535
19 6 24 237 997
16 12 25 120 660
15 7 22 201 621
11 7 21 118 839
18 7 24 235 1047
10 6 24 275 822
16 9 29 171 658
16 14 29 131 821
12 10 22 250 543
16 12 20 159 950
11 13 28 274 599
11 11 28 247 699
14 10 24 216 747
13 10 17 129 806
11 13 27 142 922
18 13 24 232 823
10 14 27 138 718
16 10 17 143 693
12 5 24 135 1181
19 13 24 118 589
19 14 27 135 938
17 6 19 244 1007
15 10 25 113 776
12 13 28 231 825
18 5 23 264 785
11 13 28 180 577
16 10 19 243 695
15 5 24 151 705
13 6 16 192 716
17 10 23 202 1119
16 13 25 262 736
10 10 25 271 624
17 11 27 129 861
13 13 18 248 669
11 7 26 292 535
13 10 15 263 947
14 6 18 112 1021
13 11 29 185 1022
10 12 27 258 531
19 8 27 128 947
16 6 16 136 429
19 13 16 125 798
15 13 21 145 758
12 12 15 267 898
16 10 27 273 656
10 11 18 147 568
11 11 29 135 727
11 7 17 286 474
14 11 24 173 601
14 7 18 289 936
19 7 20 118 769
16 6 23 247 862
18 12 18 160 936
10 12 19 108 1064
15 14 18 111 569
13 13 17 111 1152
18 9 22 246 926
12 10 26 135 975
16 14 27 234 760
10 9 22 262 757
11 14 21 260 474
13 12 26 149 909
14 6 18 117 862
12 10 17 278 840
13 14 28 201 790
10 10 15 207 580
13 12 21 132 576
14 8 17 213 703
10 9 20 269 906
17 6 16 182 501
15 14 17 284 933
12 5 18 185 910
18 11 25 168 484
12 8 28 288 882
16 10 16 193 472
15 5 15 246 514
19 7 21 109 629
12 12 25 211 608
16 11 22 124 544
15 7 24 264 490
18 5 29 139 747
19 8 28 256 612
10 9 22 119 697
19 11 27 225 488
13 7 25 135 585
13 6 24 225 603
18 10 22 101 870
10 13 21 203 976
17 5 22 287 807
12 6 29 228 588
13 7 29 151 729
17 14 24 202 1050
11 13 18 250 990
19 6 15 196 629
12 12 25 187 638
16 7 20 247 687
18 7 25 105 1028
16 7 24 295 699
17 9 29 275 822
13 8 29 177 642
19 9 15 101 715
13 11 28 144 1023
10 10 22 212 782
15 12 22 216 889
14 9 27 101 957
13 10 15 116 685
16 7 17 141 663
12 8 21 215 717
16 7 29 154 1084
11 6 16 250 828
14 12 19 140 890
15 5 29 192 584
12 6 19 206 771
18 7 26 133 704
18 14 23 228 663
14 14 15 266 740
12 6 18 215 682
11 14 21 181 905
17 7 28 269 851
13 9 23 165 1053
12 13 28 253 922
15 6 18 199 883
12 14 22 260 1086
15 8 22 111 697
19 7 15 199 695
12 12 15 210 744
12 13 16 123 836
16 14 24 290 738
16 9 24 279 651
16 11 20 177 516
19 5 23 299 1106
17 10 20 245 813
18 14 19 207 996
11 9 27 219 1029
10 5 28 152 923
19 10 22 118 711
11 9 26 236 738
11 14 20 229 762
14 8 25 110 714
12 12 18 135 894
16 10 16 232 897
10 6 21 277 1073
11 8 18 287 780
11 8 18 127 824
18 6 17 200 747
12 10 28 166 593
13 11 25 205 739
13 8 18 273 696
13 11 16 120 782
12 6 28 178 708
10 7 27 213 963
10 10 26 250 605
12 8 18 200 504
16 6 20 295 830
17 6 25 140 815
11 14 29 121 867
17 14 17 106 1031
18 12 28 157 462
12 10 29 274 467
13 11 22 249 846
11 11 24 203 661
15 8 26 249 608
10 12 29 235 535
18 5 22 156 568
14 7 22 270 636
18 6 15 256 823
16 6 23 231 827
12 6 27 159 786
17 14 22 206 869
11 13 17 102 711
15 7 24 293 1046
19 8 18 289 680
16 9 24 259 612
12 13 18 129 1022
11 10 16 172 704
10 9 28 187 553
11 11 22 147 478
15 10 23 257 593
16 14 28 163 984
14 10 23 190 643
19 14 26 265 701
12 6 15 258 483
11 13 26 122 1082
14 10 27 240 1121
17 5 16 186 772
12 14 29 170 531
17 7 23 133 769
16 9 21 196 906
11 9 29 155 827
11 14 20 181 1029
10 9 15 178 1007
13 6 19 192 842
17 14 22 198 648
19 6 23 191 533
18 9 28 126 739
11 9 23 183 631
19 5 16 287 737
12 7 16 158 830
10 14 21 277 1039
15 13 24 274 855
19 9 27 275 1060
14 5 19 102 746
10 9 27 166 851
17 13 21 198 1029
11 14 22 250 733
19 14 19 212 663
12 6 29 266 808
12 5 28 267 633
11 12 26 210 1145
17 6 24 181 740
19 14 22 190 642
19 12 21 164 499
16 8 29 273 795
17 10 17 129 882
11 5 26 153 1082
17 10 22 162 767
12 8 17 263 418
17 5 27 267 1035
19 9 28 160 620
18 6 29 169 779
19 12 21 133 919
15 12 24 249 878
17 10 17 263 864
13 8 27 129 462
16 5 18 157 980
15 7 22 176 1069
18 6 19 273 595
14 8 20 249 946
17 9 28 245 999
14 7 24 174 745
13 9 17 283 679
16 14 28 213 850
17 9 18 222 1033
14 13 19 175 850
16 12 19 221 678
17 11 18 234 776
19 11 17 128 770
17 9 18 155 1001
12 10 18 192 548
13 7 18 197 781
17 12 27 239 601
12 10 25 209 567
13 5 19 281 859
13 11 16 256 919
17 6 27 181 766
12 6 18 277 695
15 10 27 123 431
10 7 20 211 604
18 13 16 107 593
11 9 18 254 767
14 5 26 189 669
12 12 15 238 694
11 14 26 204 673
13 9 27 220 592
16 8 26 257 887
18 10 19 277 942
13 8 21 229 489
15 7 25 268 949
12 9 21 202 675
19 6 29 160 636
15 12 21 112 637
16 11 27 265 780
15 7 21 131 617
19 13 16 286 396
16 11 22 258 745
18 12 25 276 734
13 14 16 150 879
13 13 20 102 668
17 5 15 252 500
13 10 19 236 1156
14 12 15 197 624
16 6 23 162 1038
18 14 19 297 656
15 12 16 268 582
19 6 15 231 958
16 11 25 221 1014
12 8 15 256 534
13 7 18 297 1034
16 11 17 245 870
14 13 18 255 716
11 14 25 163 501
13 9 16 177 955
16 10 18 122 955
11 6 23 113 820
11 5 17 219 874
10 13 25 265 612
14 8 18 255 782
18 9 15 144 451
15 9 27 213 920
11 8 27 116 425
19 9 26 237 991
10 7 24 286 865
12 11 18 120 917
11 14 21 281 584
17 7 19 208 970
12 6 25 198 969
19 8 28 115 750
14 12 15 257 605
19 9 18 240 906
12 13 15 197 508
15 6 17 161 832
10 9 17 173 959
15 8 28 230 906
11 10 16 248 984
16 5 23 104 582
11 6 15 144 767
12 10 17 273 828
10 11 18 258 990
14 11 24 214 804
18 9 17 141 734
12 12 21 243 877
12 14 16 291 1067
14 11 17 132 766
14 11 24 252 671
11 6 20 173 602
16 8 25 153 648
18 10 23 230 730
15 12 20 225 753
11 13 17 243 866
11 11 24 249 820
11 5 24 141 459
16 10 18 149 933
13 7 23 223 961
12 9 28 262 707
17 9 16 193 778
15 8 18 218 809
19 6 25 288 783
12 14 15 288 545
10 12 29 251 863
10 7 27 291 733
18 8 22 298 465
13 8 21 116 900
19 9 24 289 819
11 9 26 180 686
10 7 18 176 730
16 5 17 258 918
12 6 22 109 1013
11 10 26 121 662
17 14 15 146 855
19 12 18 256 832
10 13 29 181 703
16 6 16 151 447
13 14 26 279 994
19 12 25 173 756
19 8 21 224 937
15 9 16 130 545
15 6 25 127 765
10 10 20 212 916
15 8 27 144 854
19 14 18 214 921
10 5 16 133 826
10 11 24 253 757
16 13 29 230 917
11 7 21 272 833
17 8 21 160 776
12 10 18 297 796
10 6 19 179 573
10 8 28 289 753
11 8 22 213 629
18 11 20 210 789
11 13 25 163 924
12 11 21 299 835
16 14 15 160 681
14 6 17 247 854
14 12 23 174 556
15 7 20 233 955
16 10 27 193 714
12 13 25 181 658
12 12 24 197 894
17 13 21 113 614
16 9 22 143 631
17 9 26 184 756
10 6 24 124 668
18 11 15 281 817
18 8 25 163 550
14 6 26 217 627
17 6 18 181 842
17 11 29 294 741
11 13 19 235 965
19 14 25 165 741
12 9 27 192 623
16 14 22 192 737
19 6 15 156 804
10 5 24 129 867
15 9 15 216 795
19 12 25 131 774
14 13 17 243 1023
10 6 23 171 626
12 12 22 145 674
15 11 27 222 759
14 5 28 209 997
16 11 21 219 1026
10 8 28 298 1019
17 10 16 227 833
16 12 26 151 968
18 6 21 285 618
17 6 20 146 708
13 9 17 198 707
13 7 25 296 855
14 11 17 119 939
12 11 16 218 538
13 9 18 152 737
13 14 20 282 570
10 14 24 185 463
17 11 20 190 957
17 5 20 225 549
13 9 29 184 911
18 7 20 102 691
17 13 17 274 864
14 6 15 153 758
16 9 23 106 606
11 9 27 115 540
17 12 28 202 856
13 9 18 210 620
11 9 28 216 1006
18 7 25 255 584
10 11 26 159 623
12 13 27 250 895
18 10 27 109 521
15 9 28 189 827
14 11 16 258 671
14 5 28 163 359
15 7 28 248 987
11 12 27 160 1139
19 5 23 295 507
11 14 15 227 717
10 8 23 276 874
13 12 19 203 445
16 11 16 152 773
14 12 28 172 704
17 5 29 110 787
11 13 21 294 748
13 11 21 224 897
13 10 15 242 817
11 6 20 111 815
11 6 20 105 913
16 9 23 293 948
14 10 25 298 591
19 6 18 174 808
13 5 19 168 891
11 13 15 205 842
12 8 19 133 706
14 8 19 248 633
13 14 26 142 729
10 11 15 187 797
18 6 16 166 491
11 11 23 253 868
10 6 26 253 629
14 9 28 202 628
12 11 18 195 848
12 11 17 252 925
18 6 21 299 1006
14 11 18 166 990
11 7 25 299 681
11 9 20 109 609
16 9 15 134 831
13 6 23 111 909
19 9 23 268 1003
12 6 15 124 995
12 10 28 223 738
14 8 28 116 578
15 5 18 216 572
17 8 18 249 756
11 14 20 249 904
12 9 28 247 892
18 6 16 142 604
14 5 24 215 519
16 6 26 100 598
19 14 19 175 1141
16 8 18 161 632
17 7 21 281 1062
18 5 22 131 1062
10 12 15 103 547
16 11 17 239 905
15 9 24 122 887
19 6 16 251 1016
19 11 22 126 951
13 11 25 199 903
10 10 19 193 963
17 9 15 212 1029
11 14 18 261 507
15 9 15 214 726
15 8 15 200 508
19 14 27 115 1102
11 6 20 152 768
10 9 15 216 1039
17 5 29 127 872
16 10 20 188 1059
15 11 23 201 964
18 12 20 199 632
16 7 28 226 824
16 13 15 127 900
15 7 20 282 909
15 14 23 222 833
19 14 16 299 483
19 12 24 172 938
14 5 17 255 527
10 13 23 112 617
15 11 21 287 880
11 10 23 273 611
16 9 15 299 720
10 10 19 276 610
16 5 18 169 678
14 10 16 154 756
12 13 19 279 767
11 11 26 208 761
14 11 24 283 795
11 10 15 120 461
10 8 21 293 948
12 11 16 130 719
11 14 22 252 420
12 13 22 192 571
10 6 19 196 870
10 9 21 181 664
19 9 26 173 708
10 7 17 136 562
10 9 20 129 517
17 5 29 110 667
11 12 17 160 691
11 7 19 288 658
12 14 20 268 802
17 9 20 258 628
11 10 24 104 540
11 13 23 182 653
10 10 18 113 503
10 10 29 100 754
16 5 20 120 1019
13 5 21 234 825
17 14 28 242 713
17 9 27 280 1096
14 13 19 139 786
15 7 24 100 866
12 5 24 105 589
17 13 25 147 505
11 6 25 177 811
17 12 18 289 934
14 9 26 212 925
12 13 18 261 734
10 14 17 255 903
16 5 27 240 440
18 6 24 237 724
18 11 19 262 654
17 12 25 297 696
16 6 28 263 1092
11 5 18 102 811
11 12 23 261 703
16 11 17 272 734
15 12 15 248 975
18 8 17 202 1033
10 10 29 135 879
13 10 15 268 533
16 13 15 124 587
15 12 18 147 859
14 10 19 291 981
19 9 17 231 848
14 12 17 253 670
10 12 27 267 971
19 6 20 178 696
12 13 26 248 684
19 7 20 178 984
11 9 26 119 694
15 13 23 178 800
15 6 16 206 984
19 8 18 214 783
16 9 15 246 1166
10 6 26 264 775
19 6 15 287 909
14 6 20 116 624
14 5 29 117 663
12 7 23 231 733
16 12 23 121 758
12 10 23 217 1024
15 8 20 248 565
18 8 25 210 694
15 10 24 206 688
17 5 28 100 723
19 9 21 209 632
16 7 22 150 950
13 12 28 210 727
11 13 26 175 387
16 8 19 210 957
19 10 29 121 1005
13 14 25 269 546
14 8 21 221 537
19 8 16 136 668
12 5 19 190 776
14 12 29 246 1040
13 10 17 268 635
10 11 22 186 830
18 13 19 229 683
19 11 25 214 991
15 6 15 117 797
13 12 19 171 1095
19 14 27 107 994
10 9 23 247 659
14 5 15 204 723
14 5 28 261 726
12 8 28 215 987
14 10 19 239 871
13 13 18 192 878
18 13 28 251 522
19 11 24 280 1003
17 8 19 226 1051
13 12 26 241 563
13 10 24 276 748
15 8 16 184 815
16 14 19 239 1072
17 8 26 147 763
10 11 28 158 584
18 14 28 180 693
15 10 23 206 861
14 5 29 277 461
11 12 18 164 677
14 14 23 120 541
13 13 25 263 797
15 10 19 288 675
19 7 18 127 641
15 10 28 259 834
13 13 25 101 967
17 11 28 199 741
17 9 22 216 539
12 10 27 170 882
13 12 24 120 735
13 13 18 233 520
16 9 29 120 698
10 11 29 147 1066
16 5 15 242 1058
17 12 24 261 447
12 7 27 148 919
16 11 19 148 849
13 13 26 212 681
18 10 25 256 963
19 6 18 169 973
12 9 19 106 925
19 5 18 126 597
10 6 18 218 713
13 8 22 132 822
13 11 25 132 547
15 8 29 104 564
13 12 24 110 658
15 12 20 102 598
10 5 27 204 701
18 8 21 255 797
18 6 25 197 771
16 12 18 124 549
10 8 16 233 427
10 10 21 292 603
16 9 22 137 801
11 5 18 258 597
19 12 15 129 628
17 8 27 212 1000
15 7 25 275 694
10 11 28 111 894
16 12 21 142 786
15 13 18 202 832
16 13 19 168 499
16 6 19 260 745
18 8 29 216 941
18 7 26 119 1008
12 9 23 184 884
10 13 20 256 927
14 9 22 221 798
12 6 15 264 874
16 10 21 254 602
13 8 19 117 734
11 7 20 116 508
16 12 29 141 914
13 12 15 130 953
16 12 15 246 717
19 11 27 110 1006
15 7 24 156 741
12 7 25 110 877
12 10 17 246 590
18 13 20 254 961
14 10 21 173 565
11 12 27 181 833
14 5 17 146 872
13 11 27 244 611
16 7 21 109 496
12 9 25 293 671
14 8 15 192 873
18 8 26 131 1019
13 9 15 155 927
19 5 18 133 714
12 12 26 151 744
14 11 25 284 878
11 11 28 212 774
14 10 27 275 882
16 14 27 180 781
11 11 17 270 1041
10 14 15 281 516
15 9 28 111 787
17 10 26 151 629
16 6 21 221 574
15 8 24 174 410
11 6 16 294 645
13 10 29 156 927
13 8 29 144 772
19 9 26 157 601
17 11 21 170 718
17 7 18 217 739
14 8 28 146 526
14 9 24 102 840
19 14 28 185 453
10 9 17 153 879
11 6 27 249 411
14 6 25 231 752
14 14 24 133 954
15 7 17 260 664
19 11 20 211 984
12 8 28 189 825
19 8 28 145 508
16 11 27 236 765
15 8 15 163 647
12 12 26 226 837
10 10 19 175 474
16 10 20 145 771
15 8 27 183 871
19 13 16 186 417
11 10 27 263 540
14 13 17 174 826
10 11 21 214 623
12 5 23 286 803
15 6 25 215 1023
16 7 23 129 986
19 5 29 190 749
13 7 18 170 774
10 7 29 141 1038
12 11 22 240 549
11 9 18 135 1114
15 10 19 113 905
11 14 29 147 875
13 7 15 249 563
11 12 23 183 763
15 14 27 274 436
19 10 20 200 891
15 9 28 280 721
10 13 16 292 884
12 9 29 273 771
17 11 26 283 910
16 13 25 222 410
13 14 26 108 414
15 10 29 283 699
18 14 19 223 858
15 11 25 150 794
11 8 17 233 1063
13 5 19 101 842
13 6 17 205 949
10 8 15 298 587
14 14 22 133 909
17 5 20 107 571
17 8 24 268 960
19 12 26 124 900
11 10 26 227 751
11 6 17 212 804
11 9 21 199 534
11 14 18 104 590
17 14 25 127 1097
12 7 25 169 746
17 6 28 185 1024
13 5 15 133 861
13 5 21 111 817
16 10 20 157 592
19 7 27 282 1020
12 9 25 293 616
15 7 23 221 746
15 10 25 287 1021
18 5 21 280 721
18 5 15 198 909
12 14 23 263 907
11 14 28 263 622
15 7 26 264 895
12 10 25 299 621
12 5 27 176 523
17 10 26 126 731
15 13 22 223 498
10 12 19 280 876
13 5 18 244 893
16 12 19 135 888
16 11 26 226 829
17 9 21 256 723
15 13 19 180 892
19 5 23 229 1081
14 6 20 238 480
15 10 17 182 1093
18 13 16 102 751
14 13 26 169 619
13 5 22 105 1028
18 5 16 184 624
10 6 28 276 860
17 9 26 223 729
14 11 17 198 529
10 13 19 234 623
17 7 28 180 731
19 6 21 196 1159
14 13 18 272 906
15 5 29 264 1108
14 12 15 291 584
15 14 22 217 1068
18 12 24 124 824
19 11 20 210 819
14 6 17 284 734
10 5 16 217 665
10 6 16 124 1083
15 5 23 204 528
13 13 29 286 917
14 13 27 226 529
16 9 15 238 569
12 12 24 165 450
11 5 29 141 934
13 5 15 229 753
17 11 17 140 757
17 5 28 135 826
17 10 21 285 721
12 6 28 118 631
12 5 28 210 572
12 12 25 274 1149
14 8 21 211 616
16 14 23 122 1057
11 7 23 156 962
13 5 28 122 829
17 9 15 200 730
16 11 17 131 612
16 5 17 195 881
17 14 24 152 945
13 14 28 144 951
13 8 16 135 1114
10 7 24 142 950
16 5 26 263 452
19 7 29 117 550
18 12 19 127 818
17 6 15 164 719
15 10 25 237 764
15 13 16 139 778
14 7 23 175 669
15 14 28 154 742
15 9 18 237 732
17 12 28 177 747
14 10 18 296 969
17 12 22 131 1020
11 7 17 175 761
19 13 29 282 702
10 12 16 277 461
11 11 24 179 445
17 8 23 153 903
16 5 19 205 945
19 5 16 100 1030
18 6 27 109 1070
15 5 17 249 964
13 9 15 241 683
16 13 20 225 766
16 8 19 212 848
14 10 18 138 840
11 13 16 103 874
18 14 28 278 374
17 8 20 254 599
16 9 26 164 842
13 10 21 196 1065
19 11 16 193 835
18 6 25 297 638
16 11 27 241 760
12 8 19 173 382
19 9 15 176 732
16 9 17 266 774
15 10 25 259 1034
15 12 17 206 775
17 11 27 155 405
10 10 20 243 900
10 5 20 224 671
18 10 28 115 926
11 10 22 237 1097
11 5 16 292 721
18 10 17 124 794
16 8 28 238 404
11 7 26 103 618
14 5 16 248 778
19 7 20 189 1017
18 5 27 157 1137
19 6 23 193 582
16 6 16 204 967
15 13 25 206 804
18 12 16 243 1068
11 9 24 195 459
16 12 23 289 825
12 9 23 279 649
17 5 25 100 903
15 12 27 118 980
14 6 16 155 645
10 6 23 201 747
17 9 23 256 682
18 14 23 297 774
13 14 26 282 375
14 8 28 269 867
18 7 18 187 909
11 9 19 216 809
19 11 23 145 707
16 7 23 143 853
14 8 15 208 806
15 13 16 270 456
19 12 16 138 699
15 10 22 216 1093
16 7 19 136 616
19 6 22 170 570
12 12 15 124 833
18 6 18 205 800
14 14 27 129 1138
13 14 19 286 1019
11 9 16 125 717
16 10 18 195 578
10 12 28 177 927
15 9 21 185 714
18 9 23 165 885
12 7 16 265 985
14 14 28 253 755
18 9 25 256 875
19 14 24 253 1017
12 11 16 288 638
16 6 15 200 918
11 14 22 257 950
18 5 24 220 878
18 8 24 260 396
14 12 27 218 932
12 11 17 167 632
19 13 27 222 377
18 11 16 215 912
11 14 16 257 544
15 5 22 254 971
15 8 29 170 747
17 8 20 161 411
14 6 20 271 1071
16 13 22 201 883
15 7 24 271 685
13 7 18 129 464
13 12 24 296 894
15 8 27 279 491
18 7 22 264 729
15 5 23 136 1179
10 14 22 193 804
18 7 15 272 916
10 9 27 268 754
13 10 25 140 1046
12 5 16 124 935
16 12 29 246 1047
19 13 29 141 984
11 5 15 175 655
16 10 15 156 634
13 10 28 180 671
17 7 28 247 861
11 12 29 197 968
14 14 22 238 690
18 13 27 287 795
17 9 28 260 622
17 11 28 120 731
17 10 21 134 454
17 5 25 229 821
12 5 26 122 937
12 14 24 280 803
10 13 28 196 694
15 7 28 227 1050
15 14 21 107 640
12 13 24 112 825
16 10 29 243 1150
12 7 28 158 941
13 8 29 109 959
10 8 18 181 572
16 14 23 236 634
12 6 27 228 563
11 10 18 205 1076
15 9 25 150 1188
11 8 15 225 879
17 9 20 117 660
16 10 20 271 789
15 9 18 298 763
19 11 19 190 988
18 10 17 291 717
12 8 27 150 934
12 14 26 213 768
17 8 25 189 674
18 14 17 155 1033
19 6 19 156 954
12 12 24 135 938
13 13 20 270 822
16 12 24 138 547
14 8 18 283 776
13 10 26 112 734
12 6 29 150 600
16 8 29 210 813
19 13 23 136 654
12 13 22 180 935
11 8 20 238 560
17 6 21 271 1012
12 11 19 210 699
15 13 20 157 625
17 14 26 225 745
18 10 22 276 835
14 5 17 139 419
10 10 27 194 949
12 5 26 243 514
11 5 23 211 896
12 14 26 224 892
12 11 18 170 756
10 9 27 139 694
16 5 20 211 632
15 10 22 296 904
14 13 23 164 1055
19 8 17 198 686
14 8 18 159 796
16 5 27 155 828
16 8 26 250 506
17 7 19 294 862
19 6 19 152 593
13 6 19 111 603
11 12 27 162 980
19 10 29 103 738
10 13 21 156 930
10 12 19 277 592
10 11 22 292 898
14 10 24 202 508
18 10 15 109 905
18 14 15 276 364
13 12 24 216 1028
15 7 26 255 898
11 8 22 264 877
13 7 28 177 583
10 11 24 258 735
18 13 20 204 569
10 10 27 142 836
15 11 29 231 795
16 5 28 121 909
10 8 23 224 523
16 6 18 292 620
19 13 25 141 460
13 6 27 208 599
13 10 22 254 711
13 11 21 128 950
12 5 18 289 539
16 10 16 191 707
10 13 17 250 845
17 8 16 242 582
10 7 28 196 723
15 13 16 114 1168
19 5 22 263 700
19 11 27 139 764
12 11 28 260 867
11 6 22 194 892
14 10 20 141 573
13 9 19 243 718
16 10 19 139 591
16 7 17 149 602
11 8 23 162 404
17 8 20 134 452
11 10 22 272 1037
16 9 17 264 629
13 6 21 244 667
16 9 25 185 868
16 7 25 182 464
18 7 27 255 771
19 6 29 200 762
11 11 15 220 975
16 7 26 184 512
15 10 21 178 906
12 7 25 246 826
15 9 29 150 899
19 12 15 263 747
12 7 25 291 982
18 9 28 194 1138
18 11 21 144 700
10 5 18 194 674
14 13 23 101 897
18 9 26 223 788
12 7 29 240 680
17 5 24 216 724
14 9 28 243 548
13 12 29 136 540
11 7 15 194 436
11 9 23 128 774
16 11 18 202 456
16 10 18 253 776
12 5 25 163 511
16 5 16 156 483
19 5 19 211 705
13 11 18 239 828
14 11 24 248 1054
14 9 28 160 991
13 9 22 154 1014
16 6 23 181 806
15 11 28 188 1107
18 8 28 114 556
19 13 29 226 1009
16 8 17 188 821
16 8 17 286 618
13 13 21 185 647
12 13 19 181 927
15 7 29 102 545
16 5 18 273 581
10 7 18 237 705
19 14 19 155 1052
17 13 26 229 929
16 8 21 169 591
15 12 17 279 804
10 9 19 120 838
13 12 23 252 904
17 10 23 253 810
13 7 18 163 739
17 11 22 106 978
16 5 29 134 1124
12 5 15 260 528
18 8 16 287 597
18 7 20 217 581
11 7 20 121 894
12 7 17 181 812
15 7 23 233 594
11 11 15 190 782
15 12 28 209 899
17 8 15 296 629
18 6 16 109 1000
17 9 22 177 694
10 7 21 125 980
17 11 19 194 918
18 9 19 206 451
15 9 28 206 798
12 8 22 107 619
13 8 15 285 680
10 14 15 193 767
15 10 25 128 995
15 9 24 188 729
16 13 21 173 450
10 12 29 115 721
15 5 23 218 781
14 6 21 183 969
10 8 24 183 710
16 11 28 160 855
11 5 21 182 916
12 12 15 185 506
19 9 15 141 896
10 14 18 142 686
16 8 26 112 709
16 8 29 204 957
14 11 22 271 761
12 14 23 237 950
19 10 22 279 1191
18 13 27 120 842
12 10 21 159 917
14 14 19 162 817
10 11 19 213 1096
11 8 27 117 599
18 5 17 146 764
10 7 29 126 666
18 12 26 150 1090
19 13 18 238 569
12 14 19 190 768
11 11 23 125 602
16 14 17 182 837
11 6 20 219 1007
18 8 20 153 727
12 5 19 170 706
17 7 16 121 697
13 12 27 282 975
17 8 19 284 460
15 12 21 132 469
17 9 21 219 871
17 13 17 223 1016
11 14 21 210 1145
16 9 18 262 947
17 8 28 125 1129
15 9 15 253 852
19 9 29 121 594
10 6 26 286 758
18 9 23 138 732
15 6 18 276 416
13 7 29 186 685
19 13 28 113 934
12 10 23 121 1034
13 9 24 299 888
13 11 24 196 937
16 12 25 299 751
13 10 25 293 868
16 7 16 176 676
12 7 24 200 644
16 13 16 224 469
19 12 25 135 902
12 13 23 139 774
13 11 28 132 904
10 8 26 290 556
11 14 15 253 510
14 6 26 115 664
18 7 26 274 468
16 6 16 176 872
15 8 15 187 760
14 9 26 258 527
11 12 22 265 826
16 7 21 296 909
12 11 16 126 727
16 14 25 135 963
11 9 22 263 573
19 12 23 203 652
18 13 16 119 658
16 9 22 105 455
10 12 20 225 933
11 11 24 186 471
12 5 17 112 1062
17 8 28 264 733
17 12 18 280 882
10 13 25 194 636
17 7 22 128 726
17 11 17 147 571
12 11 21 164 825
19 10 27 211 661
15 12 22 275 800
14 5 18 222 693
19 13 19 214 972
16 14 26 217 718
18 13 24 279 473
15 10 29 127 937
19 12 18 145 817
17 10 29 182 819
18 10 25 255 560
16 14 17 118 866
13 8 17 153 566
15 9 24 288 959
10 10 24 234 488
15 6 23 120 641
14 5 28 272 909
19 8 16 170 832
19 9 23 141 975
18 14 25 284 1021
10 5 16 224 1015
10 8 15 191 804
19 13 16 252 985
13 14 27 293 819
12 11 25 154 808
11 11 18 271 864
10 14 17 235 715
17 5 21 169 961
10 8 28 103 707
19 6 24 217 796
17 5 17 257 483
13 14 22 104 831
15 5 19 202 820
14 5 21 238 1085
12 13 19 132 628
18 5 23 262 657
12 14 20 197 1117
14 12 25 281 1016
17 5 19 213 546
15 13 25 176 569
19 13 20 247 905
11 9 22 179 1113
19 10 18 295 491
12 8 25 155 678
19 8 27 196 648
19 9 19 224 632
16 7 27 243 892
13 13 27 122 772
19 12 22 256 840
18 14 29 192 532
10 7 21 191 977
14 11 26 198 994
13 13 23 287 649
10 10 17 273 1088
12 10 17 223 485
16 8 25 231 659
12 13 21 198 1050
10 5 27 296 498
17 12 29 236 745
14 9 25 296 497
19 6 18 146 707
16 11 29 222 614
14 7 23 102 968
16 7 16 230 556
13 12 26 177 553
18 8 20 129 706
18 10 28 116 811
13 9 18 196 566
15 6 21 260 507
17 10 28 146 792
17 13 24 127 699
19 13 20 270 565
16 13 22 284 440
18 7 22 160 667
10 5 26 181 626
19 5 29 154 748
10 5 22 197 713
12 11 15 155 445
10 14 21 150 847
11 6 24 248 1124
10 13 26 274 981
12 9 17 188 807
11 10 17 277 1011
17 11 21 129 537
14 14 17 237 615
12 5 16 246 691
19 8 29 225 609
19 10 29 131 772
16 7 21 247 789
10 6 26 273 1071
18 9 27 161 807
13 11 16 235 649
12 12 26 156 1122
12 8 27 229 536
15 14 17 230 456
15 12 21 203 420
11 5 21 234 649
16 6 20 163 648
14 13 16 200 578
16 9 29 249 897
16 14 25 265 1181
12 10 29 128 768
15 13 28 137 812
15 12 25 240 458
10 10 28 299 506
10 5 19 271 719
16 8 18 266 1160
14 9 29 199 514
16 14 19 251 439
14 6 24 274 575
14 7 20 101 766
19 6 27 170 634
10 11 16 284 472
17 6 20 136 706
17 8 19 116 917
16 12 27 159 655
12 8 19 124 619
12 11 22 220 1128
18 12 29 264 781
17 12 26 202 640
15 6 15 231 1005
14 5 21 261 676
14 11 21 217 973
19 8 15 204 856
14 13 15 113 609
19 10 17 126 559
14 7 26 228 759
18 7 26 184 640
19 14 23 107 1160
19 9 29 232 1086
11 6 15 191 1027
13 6 17 166 721
17 8 25 201 594
16 12 21 191 774
14 14 24 170 1050
16 11 20 100 550
19 5 18 213 819
12 5 24 214 1062
15 5 18 144 710
16 12 18 120 988
18 7 22 136 465
11 8 26 170 896
12 13 24 133 634
18 8 16 282 763
19 12 28 295 855
14 6 24 196 572
14 10 28 103 527
12 13 24 285 960
11 11 26 267 360
18 6 16 256 1053
18 8 26 250 702
12 7 15 116 519
16 7 25 113 592
17 8 19 140 893
14 10 29 126 588
17 14 26 264 699
10 8 29 219 805
12 10 26 104 818
11 5 28 243 588
11 9 25 104 626
15 8 15 128 1079
16 6 21 178 1087
12 9 19 295 567
14 13 20 161 983
19 14 25 162 515
16 11 24 292 606
18 9 19 177 722
17 10 19 193 730
15 12 22 102 903
10 12 19 216 858
14 12 21 160 703
15 12 27 130 565
10 8 16 127 514
18 10 28 145 985
14 7 18 187 538
10 13 29 227 614
15 12 29 144 840
15 7 15 202 535
10 12 23 277 854
17 11 28 278 782
16 13 21 111 536
15 10 15 145 706
11 8 17 145 823
16 11 21 196 994
18 7 21 210 932
18 5 24 167 901
18 6 29 130 985
17 12 21 141 820
19 12 22 231 723
16 5 24 103 609
11 5 20 177 1040
12 10 17 183 404
15 5 15 120 641
16 5 27 202 643
11 11 19 123 583
12 8 19 192 584
10 14 25 177 482
10 7 23 293 944
15 7 15 283 1058
16 8 29 283 581
14 8 22 263 648
15 11 29 252 719
12 6 21 182 845
12 5 18 264 671
15 14 21 234 912
17 6 26 100 1007
17 5 19 274 988
16 13 22 252 1043
18 11 16 173 775
17 14 16 145 1065
18 5 22 293 693
14 6 23 220 855
13 11 15 255 850
11 11 15 174 619
10 6 27 214 786
13 8 17 166 881
12 11 27 114 541
11 11 18 291 942
18 13 15 186 845
10 8 23 285 890
14 12 24 267 780
11 7 26 131 692
11 12 20 146 858
12 5 21 206 618
12 7 21 173 749
16 14 28 230 645
11 7 25 282 978
12 5 26 289 883
10 14 20 131 496
18 7 18 279 631
19 5 19 229 839
15 12 15 180 687
10 8 17 100 1047
14 5 19 190 926
11 5 15 257 941
19 11 16 274 748
16 6 25 180 726
18 6 20 281 850
12 12 15 294 525
19 8 22 176 1002
16 5 17 163 1106
18 7 28 240 817
10 14 28 203 810
12 9 19 177 989
17 5 22 154 758
12 13 15 157 988
12 13 28 232 775
19 7 19 227 947
17 14 22 293 682
12 14 16 293 630
17 10 19 270 989
13 8 26 275 566
14 13 27 147 935
10 7 20 200 765
16 6 20 177 857
10 6 15 277 615
11 14 17 247 887
17 9 22 237 459
19 6 19 249 1036
15 12 22 193 446
17 13 19 246 418
16 7 18 116 1082
17 8 25 263 367
18 7 17 221 744
13 6 27 103 630
17 12 29 251 532
18 5 28 210 631
14 5 29 270 888
19 11 28 229 445
10 8 18 139 976
13 14 20 207 858
19 9 25 275 673
19 8 16 167 821
17 13 16 108 731
14 12 26 199 996
10 10 29 140 741
10 6 22 118 563
18 11 26 262 614
10 9 24 279 1152
15 8 25 173 1058
19 10 23 228 845
17 8 27 171 677
13 9 24 256 532
14 11 24 158 535
12 13 27 233 708
17 7 16 172 838
10 13 22 132 781
13 9 15 131 735
11 13 19 245 772
18 5 20 138 779
10 11 23 160 909
16 13 24 222 687
16 7 17 108 744
14 14 27 236 1037
18 6 24 200 473
18 13 27 135 853
14 10 28 255 416
19 13 15 248 449
12 6 18 207 803
17 8 20 284 621
10 13 21 298 438
14 12 22 221 1046
18 8 16 113 756
16 7 28 122 972
13 13 18 160 879
19 6 21 142 786
10 10 16 117 569
18 7 19 167 916
19 8 22 274 1103
14 6 26 276 762
12 13 26 125 825
10 5 16 175 826
14 9 29 242 1049
17 11 28 277 777
13 5 26 161 867
14 7 16 262 715
12 5 15 239 594
18 12 18 270 774
12 8 16 131 450
14 8 18 299 883
15 12 29 202 489
19 8 21 102 713
14 11 27 168 1066
17 12 23 135 704
17 13 19 257 924
12 11 23 110 606
14 11 16 234 765
11 14 19 283 720
12 10 19 261 859
13 14 27 231 415
16 6 19 147 1100
12 7 27 245 541
18 11 23 168 598
13 14 22 272 624
19 5 28 155 1093
19 8 19 250 1028
10 9 27 171 619
18 8 17 181 941
15 7 28 264 717
17 10 17 166 726
14 13 28 162 815
16 10 22 253 1052
16 10 19 209 710
17 8 28 276 570
13 11 19 265 828
15 13 17 193 585
13 14 20 299 821
15 10 24 117 918
19 11 18 242 1148
16 5 16 195 513
18 8 18 172 522
10 6 24 261 851
13 10 25 247 431
10 6 23 268 1026
13 11 23 200 699
11 8 25 203 648
15 6 22 202 748
14 9 19 121 968
11 14 21 110 562
10 14 24 217 914
12 12 24 243 500
17 6 19 104 450
17 9 16 259 558
19 7 22 133 573
15 13 19 176 521
13 6 16 172 802
14 9 17 121 550
11 13 24 176 1049
12 14 22 156 789
13 9 28 133 608
10 13 28 187 562
14 10 26 207 573
10 12 28 100 759
16 8 25 293 970
14 7 23 194 651
10 8 25 208 576
10 5 23 150 1098
10 9 23 104 537
16 8 20 271 1052
13 8 26 298 823
12 5 25 274 655
16 7 24 277 843
11 8 27 226 518
12 11 21 230 1169
16 12 22 109 432
13 6 17 224 862
18 9 17 257 737
10 9 15 164 748
16 8 27 103 807
13 6 16 212 723
19 8 16 252 916
12 11 23 240 541
14 12 21 270 619
17 5 22 171 929
13 13 24 202 813
11 5 15 242 1092
11 8 21 218 533
12 10 24 208 601
16 11 18 152 536
11 12 21 274 611
11 14 19 132 922
19 14 19 264 823
10 7 16 119 848
16 11 26 292 688
10 6 29 197 564
18 8 22 297 648
10 8 29 241 938
10 7 20 285 788
16 7 18 131 784
17 8 20 122 949
13 5 20 247 641
11 10 21 236 977
18 9 15 180 1085
13 10 18 157 913
10 7 23 249 584
18 14 18 109 995
19 14 27 127 1096
13 6 26 217 688
17 6 21 140 1017
16 7 16 153 935
17 5 27 230 593
13 7 17 169 1021
14 7 21 161 719
13 6 24 285 655
18 8 22 226 730
12 8 24 121 582
17 11 25 229 765
10 8 27 158 885
19 6 15 293 996
17 5 15 255 498
17 12 28 218 751
18 8 16 258 952
16 11 19 241 822
19 9 28 110 645
15 8 20 299 676
11 9 22 191 1010
13 12 29 285 850
14 11 29 105 688
10 12 28 220 697
18 6 20 125 1176
16 8 20 174 399
18 14 20 106 899
15 11 24 188 641
16 10 27 104 959
17 14 17 271 640
19 8 15 171 798
17 14 25 249 633
13 13 21 158 1086
17 10 16 156 776
14 6 22 286 850
15 8 18 176 479
13 7 25 267 596
16 8 20 228 664
19 10 20 189 650
19 14 23 183 759
15 9 24 172 833
12 12 19 114 760
15 7 22 157 672
10 12 21 140 944
13 10 17 292 1063
17 10 19 178 821
10 5 16 143 849
16 5 18 195 894
17 14 29 189 871
14 11 29 241 946
18 6 23 159 634
14 8 16 289 904
18 5 27 160 1022
15 9 15 213 542
12 13 15 134 835
18 10 27 239 784
17 7 25 217 825
17 11 15 267 729
15 12 17 216 805
17 11 28 136 537
15 12 16 292 948
19 6 16 151 515
16 5 16 117 881
11 10 22 104 804
11 14 20 281 495
11 8 25 269 1040
18 13 28 248 676
10 13 21 147 516
11 14 29 116 690
14 5 19 203 917
13 13 28 140 585
11 5 28 187 931
11 11 27 110 885
10 11 21 227 377
15 8 19 218 500
19 8 17 288 972
13 9 20 182 898
12 5 15 149 804
12 7 21 147 687
10 10 15 197 824
13 7 26 207 940
17 11 27 246 507
13 10 24 246 844
14 7 21 274 796
13 6 19 179 483
13 14 27 166 395
19 12 21 276 1009
16 6 18 209 875
11 7 17 219 909
19 11 18 110 974
13 5 22 263 754
19 8 22 193 931
12 10 28 251 733
15 11 18 163 718
19 6 21 174 740
16 10 28 259 1006
15 14 27 148 778
14 7 27 292 761
10 5 23 111 496
14 5 21 247 523
10 9 18 144 914
13 5 25 184 1013
11 9 21 122 1069
11 14 28 207 903
11 6 15 107 477
10 14 26 151 747
12 12 20 214 976
18 12 26 174 663
10 9 29 291 990
19 5 16 151 935
18 6 15 237 703
11 8 26 105 1031
10 8 27 267 899
15 9 15 286 416
17 10 18 195 1054
17 8 28 193 690
13 14 20 177 569
11 6 18 242 440
19 10 22 100 848
11 9 28 288 447
15 8 23 245 893
17 5 21 171 962
11 14 24 169 478
10 14 23 175 865
17 9 21 186 1002
16 10 26 223 1101
19 11 25 210 1061
12 6 25 100 920
16 9 27 250 775
12 9 18 179 1072
12 9 17 278 562
12 12 23 196 847
14 8 17 228 691
18 8 21 236 946
17 5 17 292 411
16 7 26 172 536
10 12 26 287 682
19 5 26 201 694
17 8 23 275 1028
13 12 21 150 584
10 6 19 110 872
11 14 28 147 554
15 12 25 198 654
14 8 22 103 1082
17 5 23 112 449
19 9 29 275 1004
13 9 20 142 580
17 13 18 222 1056
14 8 21 266 673
11 10 17 111 875
15 14 20 134 889
15 13 27 288 884
15 10 28 241 705
16 12 21 232 832
13 7 15 166 603
16 10 19 148 890
10 6 24 116 731
19 14 27 201 825
17 5 16 124 1026
17 13 28 281 679
18 12 29 232 866
17 10 25 129 1024
15 5 17 242 898
10 10 28 173 581
12 10 25 186 578
12 10 26 259 842
13 9 23 206 846
16 13 20 229 734
12 6 25 187 692
19 7 17 232 768
12 9 26 263 605
19 11 29 249 832
19 6 17 228 988
15 5 29 226 956
10 12 24 109 605
15 12 21 101 477
18 13 16 202 885
12 6 17 127 1086
11 7 24 150 975
14 11 22 251 502
19 10 17 156 957
14 9 15 279 882
17 9 17 140 650
11 8 24 265 859
15 11 29 231 921
10 9 26 294 437
15 6 25 225 676
16 7 28 171 370
14 9 20 108 949
11 7 20 113 523
14 14 22 219 1056
17 7 16 162 1056
14 10 18 144 1118
10 8 26 150 877
15 10 20 150 965
14 10 17 298 823
13 13 28 271 728
13 11 19 247 851
18 14 18 285 663
12 9 20 104 653
12 9 22 176 644
15 6 26 224 642
18 7 18 235 756
12 7 25 214 756
17 9 18 218 861
13 7 27 134 634
11 12 16 260 459
18 10 26 175 867
12 9 24 227 834
14 14 26 151 679
15 11 16 240 797
10 9 17 294 691
18 5 27 184 689
16 11 28 177 807
17 12 16 193 930
12 8 15 140 463
12 10 29 130 882
10 11 19 193 581
14 6 15 132 607
13 5 17 265 1059
12 5 20 177 712
17 5 28 187 604
17 13 26 148 574
13 6 22 263 838
14 7 18 190 668
17 12 22 181 508
14 10 19 297 910
19 7 27 112 624
16 5 29 243 832
19 9 15 228 1052
15 10 29 118 840
16 10 18 204 929
17 12 25 147 867
17 14 24 136 899
13 13 25 160 1069
19 11 28 176 958
16 13 20 228 958
17 11 21 149 663
14 7 20 158 842
13 11 25 246 557
13 5 15 109 730
18 5 25 202 921
13 13 28 117 1106
16 14 25 248 794
14 6 24 247 799
12 14 27 254 870
18 7 27 158 548
17 9 23 219 635
14 13 21 270 612
14 5 24 145 587
12 5 25 163 949
14 8 27 124 587
18 7 16 137 452
18 9 29 216 1002
12 7 19 244 763
14 12 23 290 872
19 6 18 218 741
14 5 19 288 820
10 11 25 178 683
18 5 25 270 917
12 14 23 248 733
18 13 18 241 650
15 9 27 298 768
19 9 26 241 577
15 8 27 134 761
15 13 17 190 662
19 9 24 147 765
18 5 20 205 740
11 5 20 119 467
18 7 20 276 918
13 6 28 250 1124
11 8 15 141 669
10 8 22 102 499
11 9 19 121 873
15 12 19 170 814
18 11 26 194 591
19 7 21 259 708
17 8 17 280 1033
18 8 18 178 847
14 11 26 259 870
18 14 21 126 951
13 5 25 107 1036
19 6 24 288 695
15 8 19 212 852
16 9 15 217 996
13 10 18 255 538
12 6 15 251 815
19 13 26 223 789
13 9 21 150 640
14 13 25 112 760
10 10 20 118 604
12 9 26 293 758
19 12 20 286 1006
13 10 24 267 739
13 11 21 156 857
18 8 22 284 1074
11 11 20 171 674
13 10 16 177 888
19 13 21 115 660
19 10 17 175 860
13 7 25 218 584
16 8 27 231 727
17 7 27 198 967
17 10 20 219 855
17 9 21 142 920
13 11 15 279 686
19 12 26 100 890
18 5 22 164 1143
15 5 25 137 529
15 5 28 186 566
11 8 26 267 584
14 10 21 275 675
11 9 20 169 915
17 7 23 157 1016
11 14 21 108 866
19 12 19 279 867
14 8 19 120 1068
17 8 28 211 567
18 11 17 165 642
10 5 18 271 847
14 11 29 299 812
15 12 20 145 901
14 5 18 257 515
10 14 22 262 870
17 10 19 283 776
11 9 17 108 886
19 7 17 125 813
15 5 20 295 560
16 8 27 185 863
18 6 16 266 756
14 13 28 131 1015
17 5 29 241 741
11 13 21 214 703
19 11 28 207 751
13 13 22 191 699
14 9 18 119 1045
16 5 22 210 468
15 12 17 270 454
10 13 22 283 563
11 8 16 248 826
14 14 26 279 445
13 11 17 164 700
17 11 27 255 401
14 14 15 200 995
11 11 19 132 521
14 9 26 289 660
16 13 16 161 886
13 10 17 295 785
15 13 23 137 917
14 5 16 166 1045
17 11 26 264 495
13 6 20 277 680
13 6 21 170 949
10 12 24 293 761
16 8 22 122 924
19 12 20 200 887
18 11 23 269 583
14 13 28 143 679
12 12 18 190 644
10 10 22 114 805
15 13 18 141 1024
17 10 23 287 1065
16 14 16 294 1059
12 10 23 150 977
17 9 18 260 1036
10 11 18 270 632
16 8 16 226 1063
19 6 26 296 803
10 7 27 264 937
14 14 21 181 870
10 10 25 188 755
17 12 20 266 861
13 14 29 221 774
11 6 17 207 822
17 5 29 196 729
13 13 23 203 1090
13 5 25 151 529
16 14 18 201 926
11 9 28 103 897
13 6 17 180 955
14 9 15 158 774
17 7 21 135 751
19 12 29 113 833
15 8 21 279 828
11 13 16 188 653
17 5 29 142 733
11 6 29 249 759
12 12 29 186 680
10 10 20 140 798
18 7 15 161 871
17 11 29 254 634
10 10 27 146 546
10 6 23 109 943
18 14 15 213 662
19 11 17 108 766
14 9 28 145 789
13 14 22 225 540
13 12 15 264 913
16 8 25 276 974
11 8 27 210 863
10 13 29 108 857
12 8 18 126 831
19 11 24 276 597
15 14 24 124 652
15 12 21 238 924
12 6 29 134 656
17 9 27 208 621
10 14 24 130 754
17 8 23 260 644
13 5 20 224 938
19 9 17 198 871
18 8 28 198 875
17 5 19 143 702
10 7 19 172 855
11 8 27 191 812
10 13 28 252 519
18 8 19 185 798
19 10 29 195 1105
14 7 23 296 667
19 8 29 251 877
13 13 20 228 1110
14 14 18 123 1044
15 6 15 122 933
14 14 18 118 512
18 10 27 150 631
18 5 26 269 679
19 14 26 169 649
18 13 18 204 792
18 13 15 295 903
19 13 24 122 710
13 5 27 141 559
12 5 29 297 1035
10 9 27 102 892
11 12 16 281 730
15 9 22 127 1119
16 7 20 168 895
11 11 16 183 861
14 5 15 126 766
18 11 23 197 664
11 10 17 118 983
15 5 21 132 634
17 13 27 149 589
11 5 27 161 734
18 6 28 126 942
15 7 22 175 577
12 12 27 263 1100
15 13 27 180 847
18 9 20 201 1128
10 11 15 106 614
13 7 18 174 717
18 5 19 284 753
11 10 17 241 903
18 7 20 124 960
18 10 21 210 584
18 9 19 198 1055
16 10 17 172 762
10 8 15 222 992
15 14 27 180 452
19 6 27 163 745
12 5 28 168 1102
11 13 21 143 781
16 12 17 286 573
11 9 23 184 637
19 12 23 175 716
16 12 20 245 880
15 6 19 263 807
14 8 24 177 606
10 13 19 155 749
11 8 15 120 997
10 8 20 240 811
10 9 18 108 1141
15 5 16 159 822
10 5 17 181 371
19 7 29 258 852
16 6 21 233 1099
12 11 27 133 693
11 9 25 240 799
17 6 29 249 878
18 14 19 163 915
18 14 27 265 494
19 6 24 182 859
14 11 19 159 1006
13 10 24 214 499
11 6 19 241 714
19 10 21 214 508
19 13 20 189 935
12 8 20 136 947
18 6 17 138 794
17 10 17 201 759
14 13 17 254 681
18 10 16 231 862
10 7 19 253 564
19 9 22 150 805
17 9 17 185 931
17 6 20 295 689
17 14 26 140 696
12 14 25 213 1034
14 12 19 249 1134
18 10 20 270 546
15 9 15 198 784
14 7 23 257 477
12 10 19 120 752
12 8 23 299 668
10 11 22 181 771
14 6 18 203 955
17 6 25 120 1009
19 6 20 159 1063
12 5 20 245 652
17 12 25 231 419
13 10 19 255 933
15 5 22 284 871
15 7 29 240 582
16 8 26 230 456
13 7 19 238 413
12 6 21 267 981
10 10 28 210 773
13 12 21 261 406
14 10 20 198 855
18 5 29 210 506
14 12 24 236 623
12 9 18 296 996
19 10 22 109 981
19 10 25 102 445
16 10 16 123 1017
17 13 25 142 638
17 10 16 284 1113
11 11 29 189 555
16 13 25 235 757
19 13 27 276 631
19 8 28 223 645
10 10 28 216 950
11 6 25 148 633
14 6 15 130 1091
18 5 19 232 1106
11 9 20 235 743
19 14 21 176 660
16 12 17 286 1039
18 6 15 173 701
10 13 25 170 965
16 7 18 245 609
11 8 18 232 516
16 6 15 118 795
10 7 19 292 1130
12 5 26 256 416
10 14 18 295 936
14 10 20 107 989
15 10 25 210 791
19 10 17 229 962
18 11 28 200 583
11 11 17 144 630
11 10 26 258 494
10 9 21 201 786
11 9 24 232 905
14 9 21 156 574
